10062886
10074426
10076983
10078962
10079845
10080975
10081622
10084173
10084185
10084616
10085592
10086490
10086617
10086750
10087789
10087886
10087888
10088001
10088569
10088981
10089074
10089079
10089393
10089586
10089902
10090001
10090002
10090010
10090011
10090014
10090017
10090028
10090045
10090063
10090064
10090136
10090139
10090163
10090168
10090176
10090201
10090203
10090204
10090205
10090209
10090210
10090234
10090244
10090249
10090250
10090277
10090301
10090303
10090305
10090312
10090313
10090321
10090324
10090330
10090333
10090334
10090354
10090355
10090399
10090415
10090418
10090419
10090427
10090528
10090529
10090530
10090584
10090610
10090611
10090689
10090690
10090745
10090746
10090747
10090748
10090782
10090783
10090784
10090785
10090877
10090880
10090976
10091074
10091095
10091141
10091181
10091185
10091226
10091250
10091294
10091297
10091298
10091308
10091317
10091391
10091399
10091403
10091440
10091537
10091584
10091647
10091649
10091757
10092095
10092174
10092260
10092280
10092284
10092289
10092386
10092438
10092503
10092558
10092569
10092600
10092804
10092851
10092852
10092895
10092932
10092941
10092942
10092952
10093047
10093064
10093090
10093093
10093136
10093147
10093197
10093237
10093312
10093399
10093406
10093408
10093492
10093586
10093590
10093593
10093594
10093595
10093596
10093597
10093599
10093600
10093640
10093677
10093702
10093710
10093711
10093819
10093823
10093907
10093913
10093916
10093990
10093994
10093999
10094018
10094020
10094022
10094025
10094026
10094027
10094028
10094029
10094100
10094101
10094105
10094111
10094116
10094117
10094129
10094238
10094239
10094255
10094288
10094313
10094314
10094315
10094319
10094340
10094341
10094427
10094429
10094432
10094433
10094434
10094437
10094452
10094524
10094525
10094581
10094583
10094652
10094659
10094660
10094664
10094670
10094826
10094827
10094855
10094859
10094860
10094867
10094907
10094937
10094942
10094945
10094947
10094948
10094950
10095014
10095070
10095073
10095074
10095075
10095080
10095170
10095174
10095175
10095177
10095186
10095212
10095213
10095219
10095273
10095274
10095277
10095279
10095280
10095282
10095283
10095284
10095370
10095374
10095375
10095376
10095443
10095445
10095508
10095582
10095583
10095585
10095587
10095589
10095592
10095707
10095709
10095710
10095712
10095714
10095715
10095717
10095718
10095797
10095798
10095799
10095800
10095805
10095890
10095891
10095893
10095895
10095899
10095905
10095907
10095908
10095911
10095985
10095988
10096012
10096014
10096087
10096089
10096091
10096093
10096183
10096191
10096193
10096194
10096234
10096274
10096275
10096276
10096350
10096356
10096361
10096362
10096364
10096365
10096411
10096412
10096413
10096414
10096416
10096417
10096428
10096507
10096508
10096509
10096512
10096513
10096514
10096531
10096604
10096608
10096609
10096611
10096672
10096673
10096675
10096676
10096706
10096709
10096711
10096712
10096713
10096761
10096768
10096770
10096771
10096772
10096773
10096774
10096775
10096876
10096877
10096879
10096880
10096881
10096882
10096885
10096886
10096887
10096888
10096945
10096954
10096955
10096956
10096957
10097060
10097062
10097063
10097064
10097065
10097151
10097154
10097161
10097162
10097163
10097164
10097166
10097167
10097193
10097194
10097197
10097250
10097251
10097257
10097258
10097259
10097262
10097263
10097264
10097265
10097266
10097267
10097268
10097269
10097270
10097341
10097342
10097343
10097344
10097351
10097352
10097354
10097355
10097356
10097359
10097360
10097362
10097363
10097364
10097365
10097378
10097454
10097455
10097458
10097459
10097460
10097461
10097463
10097464
10097465
10097466
10097467
10097468
10097469
10097471
10097472
10097473
10097474
10097557
10097558
10097561
10097564
10097565
10097566
10097567
10097568
10097569
10097570
10097571
10097666
10097667
10097669
10097671
10097741
10097742
10097743
10097746
10097747
10097748
10097750
10097751
10097769
10097775
10097776
10097777
10097778
10097779
10097780
10097781
10097870
10097871
10097901
10097902
10097905
10097906
10097907
10097908
10097909
10097910
10098001
10098005
10098006
10098007
10098009
10098010
10098011
10098012
10098084
10098086
10098089
10098090
10098091
10098092
10098094
10098095
10098097
10098195
10098196
10098197
10098198
10098200
10098201
10098202
10098203
10098264
10098265
10098267
10098268
10098269
10098270
10098271
10098272
10098273
10098274
10098275
10098276
10098339
10098340
10098343
10098344
10098345
10098346
10098347
10098348
10098349
10098350
10098391
10098396
10098397
10098398
10098399
10098486
10098487
10098491
10098503
10098504
10098505
10098506
10098507
10098508
10098509
10098580
10098581
10098582
10098583
10098589
10098590
10098591
10098593
10098669
10098670
10098672
10098673
10098680
10098681
10098682
10098683
10098684
10098685
10098686
10098789
10098790
10098791
10098792
10098799
10098800
10098801
10098802
10098803
10098804
10098906
10098908
10098909
10098911
10098916
10098917
10098918
10098919
10098920
10098921
10098922
10099000
10099001
10099002
10099003
10099004
10099012
10099014
10099015
10099021
10099022
10099023
10099024
10099025
10099026
10099027
10099028
10099029
10099092
10099101
10099102
10099103
10099104
10099105
10099106
10099107
10099108
10099109
10099110
10099111
10099112
10099113
10099181
10099182
10099184
10099192
10099193
10099194
10099195
10099196
10099197
10099198
10099199
10099200
10099201
10099202
10099274
10099285
10099286
10099295
10099297
10099299
10099300
10099301
10099302
10099303
10099304
10099305
10099306
10099307
10099308
10099375
10099376
10099382
10099383
10099384
10099385
10099386
10099387
10099388
10099389
10099390
10099391
10099392
10099393
10099394
10099395
10099396
10099473
10099480
10099481
10099482
10099483
10099484
10099485
10099486
10099487
10099488
10099489
10099490
10099491
10099593
10099596
10099601
10099602
10099608
10099609
10099610
10099611
10099612
10099613
10099614
10099615
10099616
10099617
10099618
10099619
10099620
10099621
10099622
10099715
10099716
10099717
10099718
10099719
10099720
10099721
10099722
10099723
10099725
10099726
10099727
10100080
10100081
10100210
10100211
10100212
10100213
10100214
10100215
10100217
10100218
10100219
10100300
10100302
10100303
10100304
10100305
10100306
10100307
10100308
10100309
10100310
10100311
10100312
10100314
10100377
10100383
10100384
10100385
10100386
10100387
10100388
10100483
10100484
10100490
10100491
10100492
10100493
10100494
10100495
10100569
10100583
10100584
10100585
10100591
10100592
10100593
10100594
10100595
10100596
10100597
10100671
10100678
10100679
10100680
10100681
10100682
10100683
10100684
10100685
10100800
10100809
10100810
10100811
10100812
10100813
10100814
10100815
10100816
10100817
10100818
10100900
10100901
10100902
10100911
10100912
10100913
10100914
10100915
10100916
10100917
10100929
10100930
10100954
10100955
10100963
10100964
10100965
10100966
10100967
10100968
10100969
10101106
10101116
10101117
10101118
10101119
10101120
10101121
10101160
10101163
10101164
10101209
10101210
10101218
10101219
10101220
10101221
10101222
10101223
10101224
10101259
10101295
10101296
10101297
10101298
10101299
10101316
10101317
10101386
10101388
10101411
10101412
10101413
10101414
10101415
10101416
10101417
10101418
10101419
10101420
10101446
10101447
10101448
10101480
10101498
10101499
10101511
10101512
10101513
10101514
10101515
10101582
10101583
10101587
10101588
10101589
10101590
10101591
10101592
10101593
10101594
10101595
10101596
10101597
10101598
10101599
10101683
10101685
10101686
10101687
10101763
10101764
10101765
10101766
10101767
10101768
10101769
10101846
10101847
10101848
10101849
10101850
10101851
10101852
10101861
10101862
10101863
10101864
10101865
10101866
10101894
10101895
10101896
10101897
10101898
10101899
10101989
10101990
10101991
10102008
10102014
10102015
10102016
10102017
10102018
10102090
10102091
10102092
10102093
10102094
10102095
10102096
10102097
10102098
10102099
10102196
10102198
10102199
10102206
10102207
10102208
10102209
10102210
10102211
10102212
10102213
10102214
10102215
10102216
10102291
10102292
10102293
10102294
10102295
10102296
10102297
10102298
10102299
10102300
10102323
10102324
10102325
10102326
10102327
10102333
10102334
10102335
10102336
10102337
10102338
10102339
10102384
10102385
10102387
10102388
10102390
10102440
10102441
10102442
10102443
10102444
10102445
10102446
10102447
10102525
10102526
10102527
10102528
10102529
10102530
10102531
10102532
10102533
10102534
10102583
10102584
10102585
10102586
10102598
10102599
10102631
10102632
10102633
10102634
10102635
10102636
10102734
10102735
10102736
10102737
10102738
10102739
10102740
10102741
10102742
10102743
