10087625
10087662
10088342
10088885
10089230
10089996
10090054
10090061
10090090
10090091
10090096
10090120
10090254
10090290
10090293
10090296
10090626
10090627
10090901
10090904
10090991
10091104
10091109
10091464
10091790
10092313
10092314
10092723
10092811
10092862
10092866
10092943
10093152
10093331
10093393
10093415
10093601
10093716
10093732
10093790
10093833
10093924
10093987
10093988
10094128
10094130
10094244
10094332
10094448
10094450
10094537
10094703
10094755
10094760
10094761
10094763
10094876
10094952
10094957
10094960
10094962
10095084
10095087
10095088
10095199
10095263
10095264
10095386
10095387
10095457
10095806
10095807
10095810
10095915
10095922
10096108
10096109
10096119
10096202
10096203
10096214
10096236
10096280
10096283
10096372
10096374
10096485
10096495
10096541
10096584
10096585
10096586
10096619
10096668
10096721
10096722
10096776
10096894
10096895
10096958
10096961
10096968
10097066
10097070
10097074
10097076
10097141
10097148
10097275
10097278
10097279
10097280
10097281
10097371
10097372
10097373
10097498
10097499
10097590
10097599
10097644
10097730
10097757
10097795
10097797
10097798
10097873
10097875
10097876
10097921
10097930
10097995
10098019
10098020
10098098
10098104
10098107
10098209
10098210
10098212
10098278
10098285
10098286
10098360
10098419
10098442
10098443
10098445
10098493
10098519
10098520
10098594
10098599
10098600
10098602
10098696
10098697
10098749
10098813
10098814
10098924
10098926
10098929
10098931
10098984
10099034
10099123
10099124
10099126
10099214
10099215
10099279
10099280
10099284
10099317
10099318
10099319
10099357
10099358
10099498
10099499
10099571
10099624
10099630
10099631
10099738
10099739
10099740
10099741
10099742
10100150
10100151
10100152
10100221
10100230
10100231
10100315
10100323
10100324
10100325
10100403
10100404
10100405
10100500
10100510
10100511
10100604
10100605
10100697
10100698
10100699
10100829
10100830
10100831
10100923
10100924
10100925
10101010
10101011
10101012
10101132
10101133
10101134
10101236
10101237
10101238
10101239
10101324
10101325
10101326
10101429
10101430
10101431
10101521
10101522
10101523
10101524
10101611
10101618
10101619
10101620
10101621
10101709
10101710
10101783
10101789
10101790
10101913
10101914
10101915
10101993
10101999
10102006
10102110
10102111
10102112
10102186
10102192
10102193
10102194
10102310
10102311
10102312
10102313
10102353
10102354
10102386
10102461
10102462
10102548
10102549
10102550
10102551
10102648
10102649
10102650
10102756
10102757
