10072201
10083502
10084747
10086358
10087600
10087984
10088159
10088270
10088723
10089068
10089240
10089251
10089345
10089833
10089936
10090107
10090228
10090561
10090565
10090566
10090567
10090571
10090572
10090649
10090663
10090872
10090964
10090966
10091243
10091249
10091435
10091465
10091523
10091572
10091574
10091595
10091607
10091810
10091832
10091899
10091911
10091913
10091997
10091998
10092170
10092553
10092627
10092682
10092790
10092842
10092843
10092940
10093132
10093217
10093218
10093219
10093247
10093309
10093380
10093401
10093466
10093473
10093585
10093650
10093662
10093673
10093706
10093768
10093770
10093838
10093840
10093998
10094003
10094005
10094006
10094008
10094030
10094075
10094121
10094122
10094123
10094221
10094222
10094298
10094300
10094307
10094308
10094309
10094310
10094338
10094423
10094424
10094520
10094521
10094522
10094702
10094726
10094825
10094842
10094843
10094844
10094930
10094931
10094998
10094999
10095006
10095059
10095060
10095157
10095159
10095160
10095161
10095182
10095197
10095249
10095331
10095332
10095337
10095432
10095433
10095511
10095560
10095563
10095603
10095638
10095639
10095641
10095642
10095780
10095783
10095784
10095842
10095863
10095884
10095885
10095889
10095956
10095999
10096000
10096002
10096003
10096161
10096165
10096178
10096286
10096334
10096336
10096337
10096400
10096401
10096403
10096404
10096515
10096516
10096517
10096518
10096520
10096587
10096594
10096598
10096599
10096700
10096701
10096703
10096755
10096756
10096758
10096759
10096786
10096787
10096789
10096795
10096943
10096974
10097041
10097043
10097044
10097045
10097046
10097047
10097048
10097088
10097089
10097096
10097133
10097137
10097138
10097139
10097233
10097234
10097236
10097237
10097244
10097273
10097338
10097339
10097340
10097448
10097449
10097450
10097451
10097452
10097453
10097482
10097483
10097484
10097485
10097550
10097551
10097552
10097553
10097633
10097635
10097636
10097684
10097770
10097771
10097772
10097773
10097774
10097790
10097791
10097887
10097888
10097911
10097912
10097913
10097914
10097990
10097997
10097998
10097999
10098050
10098083
10098179
10098190
10098191
10098193
10098260
10098261
10098262
10098334
10098335
10098336
10098386
10098387
10098388
10098390
10098430
10098431
10098432
10098433
10098485
10098495
10098496
10098498
10098500
10098579
10098666
10098667
10098668
10098750
10098751
10098753
10098899
10098900
10098901
10098902
10098903
10098904
10098905
10098990
10098991
10098992
10099085
10099086
10099087
10099088
10099089
10099174
10099175
10099178
10099179
10099288
10099289
10099370
10099372
10099373
10099374
10099381
10099436
10099437
10099438
10099439
10099550
10099580
10099581
10099582
10099583
10099584
10099697
10099698
10099699
10099700
10099701
10099702
10100367
10100368
10100369
10100446
10100479
10100480
10100481
10100482
10100579
10100580
10100581
10100582
10100666
10100667
10100668
10100669
10100670
10100686
10100687
10100780
10100781
10100782
10100785
10100868
10100869
10100870
10100871
10100882
10100883
10100884
10100885
10100886
10100887
10100944
10100951
10100952
10100953
10100958
10101100
10101101
10101102
10101103
10101184
10101185
10101186
10101187
10101188
10101189
10101190
10101191
10101192
10101282
10101283
10101284
10101285
10101286
10101287
10101288
10101400
10101401
10101402
10101403
10101404
10101405
10101406
10101407
10101500
10101501
10101502
10101503
10101600
10101601
10101602
10101603
10101669
10101670
10101671
10101672
10101673
10101681
10101727
10101728
10101729
10101761
10101762
10101771
10101842
10101843
10101844
10101845
10101859
10101860
10101972
10101973
10101974
10101975
10102077
10102078
10102079
10102080
10102081
10102082
10102154
10102155
10102156
10102157
10102158
10102159
10102160
10102280
10102281
10102282
10102283
10102284
10102285
10102316
10102340
10102341
10102342
10102343
10102344
10102430
10102431
10102432
10102433
10102434
10102435
10102482
10102483
10102484
10102485
10102486
10102487
10102488
10102489
10102490
10102619
10102620
10102621
10102622
10102623
10102624
10102665
10102666
10102667
10102668
10102669
10102728
10102729
10102730
