31183
37532
41808
41809
43134
43245
47944
49833
54273
55842
56263
56289
56482
56593
58021
59148
59977
60248
60992
61292
62113
62465
63019
63020
63218
63577
63724
63992
64468
65551
65712
65953
10070001
10070878
10070879
10072397
10073224
10073246
10074534
10074879
10074881
10074882
10075043
10075045
10075119
10075190
10075305
10075563
10076090
10076240
10076347
10076350
10076606
10076731
10076755
10077655
10077761
10078125
10078126
10078536
10078768
10078769
10078992
10079293
10079294
10079295
10079296
10079499
10079796
10079966
10080315
10080325
10080343
10080499
10080709
10080788
10081012
10081014
10081160
10081257
10081270
10081482
10081549
10081604
10081647
10081843
10081850
10081852
10082054
10082055
10082179
10082189
10082200
10082201
10082202
10082307
10082321
10082474
10082475
10082489
10082515
10082795
10082830
10082892
10083161
10083428
10083448
10083478
10083525
10083655
10083769
10084110
10084134
10084135
10084147
10084148
10084207
10084221
10084222
10084223
10084224
10084360
10084379
10084390
10084423
10084424
10084439
10084558
10084599
10084921
10084922
10084978
10085049
10085089
10085200
10085363
10085371
10085372
10085373
10085374
10085491
10085889
10085997
10085998
10085999
10086062
10086114
10086190
10086254
10086298
10086328
10086386
10086417
10086422
10086515
10086551
10086562
10086572
10086749
10086779
10086851
10086859
10086890
10086906
10086911
10086912
10086913
10086914
10087146
10087147
10087180
10087197
10087244
10087359
10087399
10087452
10087459
10087463
10087475
10087535
10087552
10087564
10087637
10087709
10087725
10087769
10087796
10087855
10087858
10087866
10087939
10087952
10087953
10088040
10088041
10088042
10088070
10088173
10088186
10088189
10088204
10088213
10088266
10088329
10088381
10088420
10088421
10088446
10088448
10088513
10088526
10088545
10088594
10088618
10088619
10088621
10088625
10088714
10088715
10088721
10088730
10088758
10088831
10088835
10088901
10088913
10088938
10088941
10089047
10089061
10089063
10089140
10089150
10089154
10089215
10089223
10089224
10089238
10089310
10089314
10089316
10089339
10089348
10089349
10089372
10089373
10089414
10089439
10089440
10089454
10089513
10089518
10089520
10089530
10089566
10089573
10089623
10089624
10089666
10089669
10089678
10089679
10089698
10089699
10089780
10089814
10089823
10089861
10089879
10089882
10089908
10089909
10089914
10089932
10089977
10089984
10089987
10090012
10090068
10090080
10090081
10090085
10090093
10090105
10090154
10090165
10090171
10090183
10090192
10090221
10090232
10090233
10090238
10090241
10090242
10090248
10090288
10090299
10090309
10090311
10090332
10090342
10090349
10090350
10090351
10090352
10090426
10090435
10090487
10090502
10090507
10090508
10090551
10090553
10090559
10090603
10090604
10090638
10090639
10090640
10090648
10090706
10090716
10090720
10090721
10090728
10090730
10090736
10090773
10090781
10090819
10090820
10090822
10090841
10090842
10090844
10090845
10090849
10090934
10090938
10090961
10090994
10091011
10091012
10091019
10091054
10091128
10091138
10091146
10091155
10091159
10091160
10091192
10091197
10091202
10091216
10091227
10091232
10091274
10091306
10091326
10091328
10091329
10091350
10091354
10091378
10091381
10091396
10091405
10091413
10091415
10091433
10091476
10091480
10091481
10091482
10091492
10091493
10091494
10091495
10091517
10091562
10091563
10091570
10091603
10091611
10091620
10091667
10091688
10091695
10091701
10091704
10091705
10091740
10091749
10091753
10091754
10091766
10091768
10091785
10091796
10091797
10091809
10091814
10091824
10091825
10091826
10091827
10091862
10091869
10091872
10091873
10091876
10091877
10091878
10091884
10091886
10091887
10091892
10091893
10091906
10091907
10091941
10091958
10091959
10091969
10091979
10091994
10091996
10092027
10092032
10092033
10092039
10092040
10092043
10092050
10092052
10092068
10092076
10092084
10092116
10092119
10092124
10092126
10092131
10092140
10092147
10092157
10092219
10092220
10092221
10092222
10092230
10092231
10092241
10092247
10092249
10092256
10092257
10092258
10092277
10092316
10092320
10092327
10092330
10092333
10092335
10092338
10092381
10092383
10092396
10092397
10092398
10092399
10092401
10092402
10092410
10092423
10092426
10092434
10092435
10092450
10092451
10092482
10092507
10092509
10092516
10092517
10092520
10092521
10092534
10092537
10092540
10092585
10092596
10092598
10092607
10092618
10092621
10092622
10092625
10092648
10092651
10092656
10092666
10092670
10092680
10092691
10092744
10092749
10092751
10092752
10092758
10092759
10092762
10092763
10092764
10092768
10092778
10092785
10092809
10092814
10092815
10092816
10092817
10092818
10092819
10092825
10092827
10092833
10092839
10092868
10092869
10092870
10092878
10092882
10092883
10092884
10092888
10092902
10092903
10092905
10092911
10092912
10092914
10092919
10092963
10092966
10092967
10092970
10092971
10092972
10092973
10092975
10092978
10092979
10092983
10092986
10092987
10092988
10092990
10092997
10092998
10093000
10093001
10093005
10093013
10093024
10093029
10093065
10093079
10093086
10093089
10093098
10093112
10093113
10093114
10093118
10093122
10093123
10093125
10093126
10093164
10093169
10093170
10093176
10093180
10093182
10093184
10093187
10093207
10093208
10093209
10093210
10093211
10093258
10093259
10093267
10093269
10093272
10093282
10093283
10093284
10093289
10093295
10093298
10093299
10093301
10093302
10093305
10093307
10093308
10093337
10093339
10093340
10093341
10093346
10093349
10093350
10093355
10093358
10093363
10093378
10093379
10093382
10093383
10093420
10093423
10093426
10093427
10093429
10093438
10093443
10093451
10093461
10093462
10093472
10093503
10093504
10093505
10093506
10093524
10093526
10093528
10093545
10093554
10093555
10093556
10093558
10093560
10093562
10093563
10093565
10093566
10093568
10093570
10093572
10093613
10093614
10093617
10093618
10093621
10093632
10093633
10093637
10093639
10093641
10093644
10093646
10093647
10093648
10093653
10093656
10093658
10093659
10093660
10093661
10093674
10093676
10093680
10093686
10093687
10093698
10093699
10093723
10093724
10093741
10093742
10093744
10093746
10093747
10093748
10093751
10093752
10093762
10093775
10093777
10093792
10093797
10093799
10093806
10093837
10093842
10093853
10093863
10093866
10093868
10093876
10093877
10093879
10093892
10093893
10093898
10093934
10093939
10093942
10093945
10093947
10093954
10093955
10093956
10093958
10093959
10093961
10093964
10093966
10093967
10093968
10093973
10093974
10093977
10093991
10094041
10094046
10094047
10094048
10094049
10094051
10094052
10094053
10094059
10094063
10094064
10094069
10094070
10094071
10094074
10094078
10094080
10094085
10094087
10094088
10094091
10094093
10094098
10094138
10094141
10094148
10094149
10094151
10094152
10094154
10094155
10094156
10094158
10094159
10094162
10094163
10094165
10094166
10094168
10094173
10094175
10094177
10094196
10094207
10094208
10094210
10094213
10094214
10094215
10094216
10094217
10094250
10094251
10094252
10094260
10094261
10094265
10094266
10094273
10094279
10094282
10094283
10094290
10094293
10094296
10094297
10094299
10094301
10094305
10094329
10094352
10094354
10094355
10094358
10094359
10094360
10094363
10094366
10094367
10094368
10094372
10094373
10094374
10094378
10094380
10094397
10094401
10094402
10094403
10094411
10094418
10094419
10094420
10094421
10094456
10094457
10094458
10094459
10094460
10094461
10094462
10094467
10094470
10094471
10094480
10094481
10094489
10094494
10094498
10094499
10094501
10094510
10094515
10094517
10094542
10094545
10094546
10094547
10094551
10094552
10094553
10094554
10094563
10094564
10094569
10094575
10094576
10094577
10094579
10094591
10094594
10094595
10094599
10094606
10094609
10094630
10094631
10094639
10094642
10094643
10094647
10094649
10094673
10094675
10094686
10094690
10094691
10094696
10094697
10094698
10094699
10094706
10094707
10094713
10094715
10094716
10094717
10094718
10094719
10094720
10094729
10094769
10094775
10094776
10094777
10094778
10094779
10094780
10094781
10094787
10094788
10094789
10094790
10094791
10094792
10094800
10094802
10094804
10094806
10094809
10094811
10094812
10094814
10094831
10094835
10094884
10094885
10094887
10094888
10094896
10094897
10094898
10094904
10094905
10094906
10094910
10094911
10094912
10094913
10094915
10094917
10094918
10094919
10094921
10094968
10094969
10094977
10094978
10094979
10094982
10094991
10094993
10094994
10094995
10094997
10095000
10095002
10095004
10095008
10095009
10095010
10095012
10095020
10095021
10095022
10095024
10095027
10095028
10095029
10095030
10095031
10095034
10095037
10095038
10095039
10095046
10095047
10095053
10095054
10095055
10095091
10095092
10095097
10095098
10095099
10095100
10095101
10095106
10095107
10095108
10095109
10095113
10095114
10095115
10095116
10095117
10095118
10095119
10095122
10095125
10095129
10095132
10095135
10095136
10095138
10095139
10095142
10095145
10095147
10095148
10095151
10095152
10095153
10095155
10095201
10095203
10095204
10095205
10095206
10095207
10095209
10095210
10095217
10095218
10095221
10095222
10095223
10095228
10095229
10095230
10095231
10095236
10095237
10095246
10095247
10095288
10095289
10095291
10095292
10095293
10095300
10095301
10095303
10095305
10095306
10095316
10095317
10095321
10095323
10095325
10095326
10095327
10095347
10095350
10095351
10095354
10095355
10095357
10095390
10095395
10095398
10095405
10095406
10095407
10095410
10095411
10095412
10095413
10095414
10095418
10095423
10095425
10095426
10095428
10095429
10095463
10095464
10095470
10095471
10095472
10095473
10095475
10095476
10095478
10095484
10095486
10095496
10095512
10095520
10095521
10095524
10095525
10095526
10095527
10095531
10095532
10095533
10095535
10095540
10095543
10095544
10095547
10095549
10095551
10095552
10095554
10095597
10095619
10095621
10095622
10095624
10095627
10095628
10095632
10095633
10095634
10095635
10095636
10095651
10095652
10095654
10095658
10095659
10095663
10095664
10095665
10095666
10095668
10095669
10095670
10095671
10095672
10095678
10095686
10095687
10095689
10095690
10095691
10095692
10095698
10095699
10095731
10095735
10095736
10095737
10095738
10095739
10095741
10095742
10095743
10095744
10095747
10095749
10095752
10095753
10095754
10095755
10095761
10095762
10095763
10095765
10095769
10095770
10095772
10095821
10095824
10095826
10095827
10095828
10095829
10095834
10095835
10095837
10095838
10095839
10095843
10095847
10095850
10095852
10095853
10095854
10095855
10095858
10095861
10095864
10095871
10095872
10095879
10095881
10095882
10095883
10095925
10095927
10095930
10095931
10095932
10095934
10095935
10095936
10095937
10095939
10095945
10095946
10095947
10095948
10095949
10095950
10095951
10095953
10095958
10095959
10095960
10095961
10095965
10095966
10095967
10095970
10095971
10095972
10095973
10095978
10095979
10095980
10095981
10095982
10095990
10095991
10095992
10095994
10096011
10096022
10096023
10096024
10096029
10096030
10096032
10096035
10096039
10096041
10096042
10096043
10096044
10096046
10096049
10096051
10096053
10096054
10096055
10096056
10096057
10096058
10096059
10096060
10096063
10096064
10096065
10096066
10096067
10096072
10096073
10096074
10096075
10096076
10096097
10096098
10096110
10096111
10096112
10096113
10096114
10096115
10096116
10096117
10096118
10096120
10096121
10096123
10096124
10096127
10096128
10096131
10096132
10096136
10096138
10096139
10096141
10096142
10096143
10096144
10096148
10096149
10096151
10096152
10096153
10096154
10096156
10096157
10096162
10096164
10096170
10096171
10096173
10096174
10096176
10096177
10096206
10096209
10096211
10096212
10096213
10096215
10096216
10096218
10096220
10096221
10096224
10096229
10096230
10096231
10096239
10096240
10096244
10096245
10096246
10096247
10096248
10096249
10096250
10096251
10096252
10096253
10096254
10096258
10096260
10096262
10096263
10096288
10096289
10096291
10096292
10096293
10096295
10096297
10096298
10096299
10096303
10096304
10096305
10096306
10096307
10096308
10096309
10096310
10096312
10096313
10096314
10096318
10096322
10096323
10096325
10096326
10096327
10096328
10096329
10096338
10096341
10096342
10096343
10096344
10096345
10096347
10096349
10096377
10096382
10096383
10096384
10096388
10096393
10096394
10096395
10096397
10096398
10096399
10096429
10096432
10096439
10096441
10096442
10096443
10096446
10096447
10096448
10096450
10096451
10096452
10096454
10096455
10096456
10096457
10096458
10096459
10096460
10096461
10096462
10096463
10096466
10096467
10096468
10096469
10096470
10096471
10096473
10096474
10096475
10096479
10096480
10096481
10096482
10096519
10096521
10096522
10096525
10096526
10096527
10096528
10096534
10096536
10096537
10096542
10096544
10096545
10096546
10096547
10096548
10096549
10096551
10096552
10096553
10096554
10096555
10096556
10096559
10096561
10096563
10096564
10096565
10096566
10096567
10096568
10096573
10096574
10096575
10096576
10096588
10096589
10096590
10096591
10096592
10096602
10096623
10096627
10096632
10096633
10096634
10096635
10096636
10096640
10096641
10096642
10096643
10096644
10096645
10096647
10096650
10096651
10096652
10096653
10096654
10096659
10096660
10096662
10096663
10096664
10096665
10096666
10096669
10096670
10096671
10096681
10096683
10096691
10096693
10096696
10096697
10096723
10096724
10096725
10096726
10096730
10096731
10096732
10096733
10096734
10096735
10096736
10096737
10096738
10096739
10096740
10096741
10096742
10096743
10096744
10096745
10096747
10096750
10096751
10096752
10096753
10096754
10096791
10096794
10096799
10096801
10096804
10096805
10096806
10096807
10096813
10096814
10096816
10096817
10096818
10096819
10096820
10096821
10096822
10096823
10096825
10096827
10096830
10096831
10096833
10096835
10096836
10096840
10096841
10096842
10096849
10096851
10096852
10096855
10096856
10096858
10096859
10096861
10096862
10096868
10096869
10096870
10096897
10096898
10096899
10096900
10096904
10096905
10096906
10096907
10096908
10096910
10096911
10096912
10096913
10096914
10096915
10096918
10096919
10096920
10096921
10096922
10096923
10096926
10096928
10096930
10096931
10096932
10096933
10096936
10096937
10096938
10096939
10096940
10096941
10096970
10096971
10096972
10096975
10096978
10096979
10096983
10096987
10096990
10096991
10096992
10096993
10096994
10096995
10096996
10096997
10096998
10096999
10097001
10097004
10097005
10097006
10097007
10097010
10097011
10097012
10097013
10097014
10097015
10097016
10097017
10097018
10097023
10097024
10097025
10097026
10097027
10097028
10097029
10097030
10097031
10097033
10097034
10097036
10097037
10097038
10097039
10097040
10097049
10097077
10097078
10097079
10097080
10097082
10097083
10097084
10097085
10097086
10097087
10097092
10097094
10097095
10097097
10097098
10097099
10097101
10097103
10097105
10097106
10097108
10097109
10097110
10097111
10097112
10097113
10097114
10097115
10097116
10097117
10097118
10097119
10097120
10097121
10097122
10097123
10097124
10097125
10097126
10097130
10097131
10097132
10097170
10097177
10097178
10097179
10097181
10097182
10097183
10097184
10097185
10097186
10097187
10097188
10097189
10097190
10097203
10097204
10097205
10097206
10097208
10097210
10097211
10097212
10097213
10097216
10097218
10097219
10097220
10097221
10097222
10097223
10097224
10097226
10097227
10097228
10097229
10097230
10097231
10097245
10097248
10097282
10097283
10097284
10097285
10097286
10097288
10097289
10097290
10097291
10097294
10097298
10097301
10097302
10097303
10097304
10097305
10097306
10097307
10097308
10097309
10097310
10097311
10097312
10097313
10097314
10097316
10097318
10097319
10097320
10097321
10097322
10097323
10097324
10097325
10097326
10097327
10097328
10097329
10097330
10097331
10097332
10097333
10097335
10097375
10097376
10097380
10097381
10097383
10097384
10097385
10097386
10097387
10097388
10097389
10097390
10097393
10097394
10097395
10097396
10097397
10097398
10097399
10097401
10097402
10097403
10097404
10097406
10097407
10097408
10097409
10097410
10097411
10097412
10097413
10097414
10097415
10097416
10097417
10097418
10097419
10097422
10097423
10097425
10097426
10097427
10097428
10097429
10097430
10097432
10097433
10097437
10097438
10097443
10097444
10097445
10097446
10097476
10097477
10097478
10097480
10097486
10097487
10097500
10097501
10097503
10097504
10097506
10097507
10097509
10097510
10097511
10097512
10097513
10097514
10097515
10097516
10097517
10097518
10097519
10097520
10097521
10097522
10097523
10097524
10097525
10097526
10097527
10097528
10097530
10097531
10097532
10097533
10097535
10097536
10097537
10097538
10097539
10097540
10097541
10097543
10097545
10097546
10097548
10097549
10097563
10097572
10097573
10097574
10097576
10097578
10097579
10097580
10097600
10097602
10097604
10097605
10097606
10097608
10097609
10097610
10097611
10097612
10097613
10097614
10097615
10097616
10097617
10097619
10097621
10097622
10097623
10097624
10097625
10097626
10097627
10097628
10097630
10097632
10097647
10097648
10097649
10097650
10097652
10097653
10097655
10097656
10097657
10097672
10097673
10097674
10097675
10097676
10097677
10097678
10097679
10097680
10097681
10097682
10097683
10097686
10097687
10097689
10097690
10097691
10097692
10097693
10097694
10097695
10097696
10097697
10097698
10097699
10097701
10097702
10097703
10097705
10097707
10097709
10097710
10097711
10097712
10097713
10097714
10097715
10097716
10097717
10097718
10097719
10097721
10097722
10097723
10097727
10097731
10097734
10097736
10097737
10097738
10097739
10097740
10097758
10097759
10097761
10097763
10097764
10097765
10097766
10097767
10097782
10097783
10097785
10097786
10097805
10097806
10097808
10097809
10097810
10097811
10097812
10097813
10097814
10097817
10097818
10097819
10097822
10097824
10097825
10097826
10097827
10097829
10097830
10097831
10097832
10097834
10097835
10097836
10097837
10097838
10097839
10097840
10097841
10097842
10097843
10097845
10097846
10097847
10097848
10097853
10097854
10097857
10097858
10097860
10097861
10097863
10097864
10097865
10097866
10097867
10097868
10097869
10097877
10097879
10097881
10097882
10097883
10097884
10097886
10097890
10097893
10097894
10097895
10097897
10097898
10097899
10097932
10097933
10097937
10097938
10097939
10097940
10097941
10097942
10097943
10097944
10097945
10097948
10097949
10097950
10097952
10097953
10097954
10097955
10097956
10097957
10097958
10097959
10097960
10097962
10097964
10097967
10097968
10097969
10097970
10097971
10097972
10097973
10097974
10097975
10097978
10097979
10097981
10097982
10097983
10097984
10097986
10097987
10097988
10097989
10097992
10097993
10098022
10098023
10098024
10098025
10098026
10098027
10098028
10098029
10098030
10098031
10098032
10098033
10098034
10098036
10098037
10098038
10098039
10098040
10098041
10098042
10098043
10098046
10098047
10098048
10098051
10098052
10098053
10098054
10098055
10098058
10098059
10098060
10098062
10098063
10098064
10098065
10098066
10098067
10098068
10098069
10098070
10098071
10098072
10098073
10098074
10098075
10098076
10098078
10098079
10098109
10098110
10098111
10098112
10098113
10098115
10098117
10098118
10098119
10098123
10098124
10098125
10098126
10098127
10098128
10098129
10098130
10098132
10098133
10098136
10098137
10098138
10098139
10098140
10098141
10098142
10098143
10098145
10098147
10098148
10098149
10098150
10098151
10098152
10098153
10098154
10098155
10098158
10098160
10098161
10098164
10098165
10098166
10098167
10098170
10098171
10098172
10098174
10098175
10098176
10098177
10098178
10098180
10098182
10098183
10098184
10098185
10098186
10098187
10098189
10098213
10098214
10098215
10098216
10098217
10098218
10098219
10098220
10098221
10098222
10098223
10098224
10098225
10098228
10098229
10098230
10098231
10098232
10098233
10098234
10098235
10098236
10098237
10098238
10098239
10098240
10098241
10098242
10098243
10098244
10098245
10098246
10098247
10098248
10098249
10098250
10098251
10098252
10098253
10098254
10098255
10098256
10098257
10098287
10098288
10098289
10098290
10098291
10098293
10098294
10098295
10098296
10098297
10098298
10098300
10098301
10098303
10098307
10098309
10098310
10098311
10098312
10098313
10098314
10098315
10098316
10098317
10098318
10098319
10098321
10098322
10098323
10098324
10098325
10098326
10098327
10098328
10098329
10098330
10098332
10098333
10098361
10098362
10098363
10098364
10098365
10098366
10098367
10098368
10098369
10098370
10098371
10098372
10098373
10098374
10098375
10098376
10098377
10098378
10098379
10098380
10098381
10098382
10098383
10098385
10098401
10098402
10098403
10098404
10098405
10098406
10098407
10098408
10098409
10098410
10098412
10098413
10098414
10098415
10098416
10098417
10098418
10098420
10098421
10098422
10098423
10098428
10098429
10098446
10098448
10098449
10098450
10098451
10098452
10098453
10098454
10098455
10098456
10098458
10098459
10098460
10098461
10098462
10098463
10098464
10098465
10098466
10098467
10098468
10098469
10098470
10098471
10098472
10098473
10098474
10098475
10098476
10098477
10098478
10098479
10098480
10098481
10098482
10098483
10098484
10098490
10098494
10098521
10098522
10098523
10098524
10098525
10098526
10098527
10098528
10098529
10098534
10098535
10098536
10098537
10098538
10098539
10098540
10098541
10098542
10098543
10098545
10098546
10098547
10098548
10098549
10098550
10098551
10098552
10098553
10098554
10098555
10098556
10098557
10098558
10098559
10098561
10098562
10098563
10098564
10098565
10098566
10098571
10098572
10098574
10098576
10098577
10098603
10098604
10098605
10098606
10098607
10098609
10098611
10098612
10098613
10098614
10098615
10098616
10098617
10098618
10098619
10098620
10098621
10098622
10098623
10098624
10098625
10098626
10098629
10098631
10098632
10098633
10098634
10098635
10098636
10098637
10098638
10098639
10098640
10098645
10098646
10098647
10098648
10098649
10098650
10098651
10098652
10098653
10098654
10098655
10098656
10098657
10098658
10098659
10098660
10098661
10098662
10098663
10098664
10098665
10098698
10098699
10098700
10098702
10098703
10098704
10098705
10098706
10098707
10098708
10098709
10098710
10098711
10098712
10098713
10098714
10098715
10098716
10098717
10098718
10098719
10098720
10098721
10098722
10098723
10098724
10098725
10098726
10098727
10098729
10098730
10098731
10098732
10098733
10098734
10098735
10098736
10098737
10098738
10098740
10098741
10098743
10098745
10098746
10098747
10098748
10098755
10098756
10098757
10098760
10098761
10098762
10098763
10098764
10098766
10098767
10098768
10098769
10098770
10098771
10098772
10098773
10098774
10098775
10098776
10098777
10098778
10098779
10098780
10098781
10098782
10098783
10098784
10098785
10098786
10098787
10098788
10098815
10098817
10098818
10098819
10098820
10098821
10098822
10098823
10098825
10098826
10098827
10098828
10098830
10098831
10098832
10098833
10098834
10098835
10098836
10098837
10098838
10098839
10098840
10098841
10098842
10098843
10098844
10098845
10098846
10098847
10098848
10098849
10098850
10098851
10098852
10098853
10098854
10098858
10098859
10098860
10098861
10098862
10098863
10098864
10098865
10098866
10098867
10098868
10098869
10098871
10098872
10098873
10098874
10098875
10098876
10098877
10098878
10098879
10098880
10098881
10098882
10098883
10098884
10098885
10098886
10098887
10098888
10098889
10098890
10098891
10098892
10098893
10098894
10098895
10098896
10098897
10098930
10098933
10098934
10098936
10098937
10098938
10098939
10098940
10098941
10098942
10098943
10098944
10098945
10098946
10098947
10098948
10098949
10098950
10098951
10098952
10098953
10098954
10098955
10098956
10098957
10098958
10098959
10098960
10098961
10098962
10098963
10098964
10098965
10098966
10098967
10098968
10098970
10098971
10098972
10098973
10098974
10098975
10098976
10098977
10098978
10098979
10098980
10098985
10098986
10098987
10098988
10098989
10098993
10098994
10098995
10098996
10098997
10098998
10098999
10099009
10099038
10099039
10099040
10099041
10099042
10099043
10099044
10099045
10099046
10099047
10099048
10099049
10099050
10099051
10099052
10099053
10099054
10099056
10099057
10099058
10099059
10099060
10099061
10099063
10099066
10099067
10099068
10099069
10099070
10099071
10099072
10099073
10099074
10099075
10099076
10099077
10099078
10099079
10099080
10099081
10099082
10099083
10099084
10099127
10099128
10099129
10099130
10099131
10099132
10099133
10099134
10099135
10099136
10099137
10099138
10099139
10099140
10099142
10099143
10099144
10099145
10099146
10099147
10099148
10099149
10099150
10099151
10099152
10099153
10099154
10099155
10099156
10099157
10099158
10099159
10099160
10099161
10099162
10099164
10099165
10099166
10099167
10099168
10099169
10099170
10099171
10099172
10099173
10099216
10099217
10099218
10099219
10099220
10099221
10099222
10099223
10099224
10099225
10099226
10099227
10099228
10099229
10099230
10099231
10099232
10099233
10099234
10099235
10099236
10099237
10099238
10099239
10099240
10099241
10099242
10099243
10099245
10099246
10099247
10099248
10099249
10099250
10099252
10099253
10099254
10099255
10099256
10099257
10099258
10099259
10099262
10099263
10099264
10099265
10099266
10099267
10099268
10099269
10099270
10099271
10099272
10099275
10099276
10099278
10099281
10099282
10099283
10099320
10099321
10099322
10099323
10099324
10099325
10099326
10099327
10099328
10099329
10099330
10099331
10099332
10099334
10099335
10099336
10099337
10099338
10099339
10099340
10099341
10099342
10099343
10099344
10099345
10099346
10099347
10099348
10099350
10099351
10099360
10099361
10099362
10099363
10099365
10099366
10099367
10099368
10099369
10099398
10099399
10099400
10099401
10099402
10099403
10099404
10099405
10099406
10099407
10099408
10099409
10099410
10099411
10099412
10099413
10099414
10099415
10099416
10099417
10099418
10099419
10099420
10099421
10099422
10099423
10099424
10099425
10099426
10099427
10099428
10099429
10099430
10099431
10099432
10099433
10099434
10099435
10099440
10099441
10099443
10099444
10099445
10099446
10099447
10099448
10099449
10099450
10099451
10099452
10099453
10099454
10099455
10099456
10099457
10099458
10099459
10099460
10099461
10099462
10099463
10099464
10099465
10099466
10099467
10099468
10099469
10099470
10099471
10099472
10099500
10099501
10099502
10099503
10099504
10099505
10099506
10099507
10099508
10099509
10099510
10099511
10099512
10099513
10099514
10099515
10099516
10099517
10099518
10099519
10099520
10099521
10099522
10099523
10099524
10099526
10099527
10099528
10099529
10099530
10099531
10099532
10099533
10099534
10099535
10099536
10099537
10099538
10099539
10099540
10099541
10099542
10099543
10099544
10099545
10099546
10099547
10099548
10099549
10099551
10099552
10099553
10099554
10099555
10099556
10099557
10099558
10099560
10099561
10099562
10099563
10099564
10099566
10099567
10099568
10099569
10099570
10099575
10099576
10099577
10099578
10099579
10099585
10099586
10099587
10099588
10099589
10099590
10099591
10099592
10099595
10099632
10099633
10099634
10099635
10099636
10099637
10099640
10099641
10099642
10099643
10099644
10099645
10099647
10099648
10099649
10099650
10099651
10099652
10099653
10099654
10099655
10099656
10099657
10099658
10099659
10099660
10099661
10099662
10099663
10099664
10099665
10099666
10099667
10099668
10099669
10099670
10099671
10099672
10099673
10099674
10099675
10099676
10099677
10099678
10099679
10099680
10099681
10099682
10099683
10099684
10099685
10099687
10099688
10099689
10099690
10099691
10099692
10099693
10099694
10099703
10099704
10099705
10099706
10099707
10099708
10099709
10099724
10099743
10099744
10099745
10099746
10099747
10099748
10099749
10099750
10099751
10099752
10099753
10099754
10099755
10099756
10099757
10099758
10099759
10099760
10099761
10099762
10099763
10099764
10099765
10099766
10099767
10099768
10099769
10099770
10099771
10099772
10099773
10099774
10099775
10099776
10099777
10099779
10099780
10099781
10099782
10099783
10099784
10099785
10099786
10099787
10099788
10099789
10099790
10099791
10099793
10099794
10099795
10099796
10099797
10099798
10099799
10099800
10099801
10099802
10099804
10099805
10099806
10099807
10099808
10099809
10099810
10099811
10099812
10099813
10099814
10099815
10099816
10099817
10099818
10099819
10099820
10099821
10099822
10099823
10099824
10099825
10099826
10099827
10099828
10099829
10099830
10099831
10099832
10099833
10099834
10099835
10099836
10099837
10099838
10099839
10099840
10099841
10099842
10099843
10099844
10099845
10099846
10099847
10099848
10099849
10099850
10099851
10099852
10099853
10099854
10099855
10099856
10099857
10099858
10099859
10099860
10099861
10099862
10099863
10099864
10099865
10099866
10099867
10099868
10099869
10099870
10099871
10099872
10099873
10099874
10099875
10099876
10099877
10099878
10099879
10099880
10099881
10099882
10099883
10099884
10099885
10099886
10099887
10099888
10099889
10099890
10099891
10099892
10099893
10099894
10099895
10099896
10099897
10099898
10099899
10099900
10099901
10099902
10099903
10099904
10099905
10099906
10099907
10099908
10099909
10099910
10099911
10099912
10099913
10099914
10099915
10099916
10099917
10099918
10099919
10099920
10099921
10099922
10099923
10099924
10099925
10099926
10099927
10099928
10099929
10099930
10099931
10099932
10099933
10099934
10099935
10099936
10099937
10099938
10099939
10099940
10099941
10099942
10099943
10099944
10099945
10099946
10099947
10099948
10099949
10099950
10099952
10099953
10099954
10099955
10099956
10099957
10099958
10099959
10099960
10099961
10099962
10099963
10099964
10099965
10099966
10099967
10099968
10099969
10099970
10099971
10099972
10099973
10099974
10099975
10099976
10099977
10099978
10099979
10099980
10099981
10099982
10099983
10099984
10099985
10099986
10099987
10099988
10099989
10099990
10099991
10099992
10099994
10099995
10099996
10099997
10099998
10099999
10100000
10100001
10100002
10100003
10100004
10100005
10100006
10100007
10100008
10100009
10100010
10100011
10100012
10100013
10100014
10100015
10100016
10100017
10100018
10100019
10100020
10100023
10100024
10100025
10100026
10100027
10100028
10100029
10100030
10100031
10100032
10100033
10100034
10100035
10100036
10100037
10100038
10100039
10100040
10100041
10100042
10100043
10100044
10100045
10100046
10100047
10100048
10100049
10100050
10100051
10100052
10100053
10100054
10100055
10100056
10100057
10100058
10100059
10100060
10100061
10100062
10100063
10100064
10100065
10100066
10100067
10100068
10100069
10100070
10100071
10100072
10100073
10100075
10100076
10100077
10100078
10100079
10100083
10100084
10100085
10100086
10100087
10100088
10100089
10100090
10100091
10100092
10100093
10100094
10100095
10100096
10100097
10100098
10100099
10100111
10100112
10100113
10100114
10100115
10100116
10100117
10100118
10100119
10100120
10100121
10100122
10100123
10100124
10100125
10100126
10100127
10100128
10100129
10100130
10100131
10100132
10100133
10100134
10100135
10100136
10100137
10100138
10100139
10100140
10100141
10100142
10100153
10100154
10100155
10100156
10100157
10100158
10100159
10100160
10100161
10100162
10100163
10100164
10100165
10100166
10100167
10100168
10100169
10100170
10100171
10100172
10100173
10100174
10100175
10100177
10100178
10100179
10100180
10100181
10100182
10100183
10100184
10100185
10100186
10100187
10100188
10100190
10100191
10100193
10100194
10100195
10100196
10100197
10100198
10100199
10100200
10100201
10100202
10100203
10100204
10100205
10100206
10100207
10100208
10100209
10100216
10100233
10100234
10100235
10100236
10100237
10100238
10100239
10100240
10100241
10100242
10100243
10100244
10100245
10100246
10100247
10100248
10100249
10100250
10100251
10100252
10100253
10100254
10100255
10100256
10100257
10100258
10100259
10100260
10100261
10100262
10100263
10100264
10100265
10100266
10100267
10100268
10100269
10100270
10100271
10100274
10100275
10100276
10100277
10100278
10100279
10100280
10100281
10100282
10100283
10100284
10100285
10100286
10100287
10100288
10100289
10100290
10100291
10100292
10100293
10100294
10100295
10100296
10100297
10100298
10100299
10100313
10100326
10100327
10100328
10100329
10100330
10100331
10100332
10100333
10100334
10100335
10100336
10100337
10100338
10100339
10100340
10100342
10100343
10100344
10100345
10100346
10100347
10100349
10100350
10100351
10100352
10100353
10100354
10100355
10100356
10100357
10100358
10100359
10100360
10100361
10100362
10100363
10100364
10100366
10100370
10100371
10100372
10100373
10100374
10100375
10100406
10100407
10100408
10100409
10100410
10100411
10100412
10100413
10100414
10100415
10100416
10100417
10100418
10100419
10100420
10100421
10100422
10100423
10100424
10100425
10100426
10100427
10100428
10100429
10100430
10100431
10100432
10100433
10100434
10100435
10100436
10100437
10100438
10100439
10100440
10100441
10100442
10100443
10100444
10100445
10100447
10100448
10100449
10100450
10100451
10100452
10100453
10100454
10100455
10100456
10100457
10100458
10100459
10100460
10100461
10100462
10100463
10100464
10100465
10100466
10100467
10100468
10100469
10100470
10100471
10100472
10100473
10100474
10100475
10100476
10100477
10100478
10100496
10100497
10100498
10100512
10100513
10100514
10100515
10100516
10100518
10100519
10100520
10100521
10100522
10100523
10100524
10100525
10100526
10100527
10100528
10100529
10100530
10100531
10100532
10100533
10100534
10100535
10100536
10100537
10100538
10100539
10100540
10100541
10100542
10100543
10100546
10100547
10100548
10100549
10100550
10100551
10100552
10100553
10100554
10100555
10100556
10100557
10100558
10100559
10100560
10100561
10100562
10100563
10100564
10100565
10100566
10100567
10100568
10100570
10100571
10100572
10100573
10100574
10100575
10100576
10100577
10100578
10100606
10100607
10100608
10100609
10100610
10100611
10100613
10100614
10100615
10100616
10100617
10100618
10100619
10100620
10100621
10100622
10100623
10100624
10100625
10100626
10100627
10100628
10100629
10100630
10100631
10100632
10100633
10100634
10100635
10100636
10100637
10100638
10100639
10100640
10100641
10100642
10100643
10100644
10100645
10100646
10100647
10100648
10100649
10100651
10100652
10100653
10100654
10100655
10100656
10100657
10100658
10100659
10100660
10100662
10100663
10100664
10100665
10100677
10100700
10100701
10100702
10100703
10100704
10100705
10100706
10100707
10100708
10100709
10100710
10100711
10100714
10100715
10100717
10100718
10100719
10100720
10100721
10100722
10100723
10100724
10100725
10100726
10100727
10100728
10100729
10100730
10100731
10100732
10100734
10100735
10100736
10100737
10100738
10100739
10100740
10100741
10100742
10100743
10100744
10100745
10100746
10100747
10100748
10100749
10100750
10100751
10100752
10100753
10100754
10100755
10100756
10100757
10100758
10100760
10100761
10100762
10100763
10100764
10100765
10100766
10100767
10100768
10100769
10100770
10100771
10100772
10100773
10100774
10100775
10100776
10100777
10100778
10100779
10100784
10100786
10100787
10100788
10100789
10100791
10100792
10100793
10100794
10100795
10100796
10100797
10100798
10100799
10100832
10100833
10100834
10100835
10100836
10100837
10100838
10100839
10100840
10100841
10100842
10100843
10100844
10100845
10100846
10100847
10100848
10100849
10100850
10100851
10100853
10100854
10100855
10100856
10100857
10100858
10100859
10100860
10100861
10100862
10100863
10100864
10100865
10100866
10100867
10100874
10100875
10100876
10100877
10100878
10100879
10100880
10100881
10100888
10100891
10100893
10100894
10100895
10100896
10100897
10100898
10100899
10100927
10100928
10100932
10100933
10100934
10100935
10100936
10100937
10100938
10100939
10100940
10100941
10100942
10100943
10100945
10100946
10100947
10100948
10100949
10100950
10100971
10100972
10100974
10100975
10100976
10100977
10100978
10100979
10100980
10100981
10100982
10100983
10100984
10100985
10100986
10100987
10100988
10100989
10100990
10100991
10100992
10100993
10100994
10100995
10100996
10100997
10100998
10100999
10101007
10101015
10101016
10101017
10101018
10101019
10101020
10101021
10101022
10101023
10101024
10101025
10101026
10101027
10101028
10101029
10101030
10101031
10101032
10101033
10101034
10101035
10101036
10101037
10101040
10101041
10101042
10101043
10101044
10101045
10101046
10101047
10101048
10101049
10101050
10101051
10101052
10101053
10101054
10101057
10101058
10101059
10101060
10101061
10101062
10101063
10101064
10101065
10101066
10101067
10101068
10101070
10101071
10101072
10101073
10101074
10101075
10101076
10101077
10101078
10101079
10101080
10101086
10101087
10101091
10101092
10101093
10101094
10101095
10101096
10101097
10101098
10101099
10101104
10101105
10101131
10101135
10101136
10101137
10101138
10101139
10101140
10101141
10101142
10101143
10101144
10101145
10101146
10101147
10101148
10101149
10101150
10101152
10101153
10101154
10101155
10101156
10101157
10101158
10101159
10101165
10101167
10101168
10101169
10101170
10101171
10101172
10101173
10101174
10101175
10101176
10101177
10101178
10101179
10101180
10101181
10101182
10101183
10101193
10101194
10101195
10101196
10101197
10101198
10101199
10101200
10101201
10101202
10101203
10101204
10101205
10101206
10101207
10101208
10101242
10101243
10101244
10101245
10101246
10101247
10101248
10101249
10101251
10101252
10101253
10101254
10101255
10101256
10101257
10101258
10101260
10101261
10101262
10101263
10101264
10101265
10101266
10101267
10101268
10101269
10101273
10101274
10101275
10101276
10101277
10101278
10101279
10101280
10101281
10101291
10101292
10101293
10101294
10101300
10101301
10101302
10101303
10101304
10101305
10101306
10101327
10101328
10101329
10101330
10101331
10101332
10101333
10101335
10101336
10101337
10101338
10101339
10101340
10101341
10101342
10101343
10101344
10101345
10101346
10101347
10101348
10101349
10101350
10101351
10101352
10101353
10101354
10101355
10101356
10101357
10101358
10101359
10101360
10101361
10101362
10101363
10101364
10101365
10101366
10101367
10101368
10101369
10101370
10101372
10101373
10101374
10101375
10101376
10101377
10101378
10101379
10101380
10101381
10101382
10101383
10101384
10101385
10101390
10101391
10101392
10101393
10101394
10101395
10101396
10101397
10101398
10101399
10101421
10101432
10101433
10101434
10101435
10101436
10101437
10101438
10101439
10101440
10101441
10101442
10101443
10101444
10101449
10101450
10101451
10101452
10101453
10101454
10101455
10101456
10101457
10101458
10101459
10101460
10101461
10101462
10101463
10101464
10101465
10101466
10101467
10101468
10101470
10101471
10101472
10101473
10101474
10101475
10101476
10101477
10101478
10101479
10101481
10101482
10101483
10101484
10101485
10101486
10101487
10101488
10101489
10101490
10101495
10101496
10101497
10101525
10101526
10101527
10101528
10101529
10101530
10101531
10101532
10101533
10101534
10101535
10101536
10101537
10101538
10101539
10101540
10101541
10101542
10101543
10101544
10101545
10101546
10101547
10101548
10101549
10101550
10101551
10101552
10101553
10101554
10101556
10101557
10101558
10101559
10101560
10101561
10101562
10101563
10101564
10101565
10101566
10101567
10101568
10101569
10101570
10101571
10101572
10101573
10101574
10101575
10101576
10101577
10101578
10101579
10101580
10101581
10101584
10101585
10101586
10101622
10101623
10101624
10101625
10101626
10101627
10101628
10101629
10101630
10101631
10101632
10101633
10101634
10101635
10101636
10101637
10101638
10101639
10101640
10101641
10101642
10101643
10101644
10101645
10101646
10101647
10101648
10101649
10101650
10101651
10101652
10101653
10101654
10101655
10101656
10101657
10101658
10101659
10101660
10101661
10101662
10101663
10101664
10101665
10101666
10101667
10101668
10101680
10101684
10101689
10101690
10101691
10101692
10101693
10101694
10101695
10101696
10101712
10101713
10101714
10101715
10101716
10101717
10101718
10101719
10101720
10101721
10101722
10101723
10101724
10101725
10101726
10101730
10101731
10101732
10101733
10101734
10101735
10101736
10101737
10101738
10101740
10101741
10101742
10101743
10101744
10101745
10101746
10101747
10101748
10101749
10101750
10101751
10101752
10101753
10101754
10101755
10101756
10101757
10101758
10101759
10101760
10101770
10101772
10101774
10101775
10101776
10101777
10101778
10101779
10101800
10101801
10101802
10101803
10101804
10101805
10101806
10101807
10101808
10101809
10101810
10101811
10101812
10101813
10101814
10101815
10101816
10101817
10101818
10101819
10101820
10101821
10101822
10101823
10101824
10101825
10101826
10101827
10101828
10101829
10101830
10101831
10101832
10101833
10101834
10101835
10101836
10101838
10101839
10101840
10101841
10101855
10101856
10101857
10101858
10101867
10101868
10101869
10101870
10101872
10101873
10101876
10101877
10101878
10101879
10101880
10101881
10101882
10101883
10101884
10101885
10101886
10101887
10101888
10101889
10101890
10101891
10101892
10101893
10101916
10101917
10101918
10101919
10101920
10101921
10101922
10101923
10101924
10101926
10101927
10101928
10101929
10101930
10101931
10101932
10101933
10101934
10101937
10101938
10101939
10101940
10101941
10101942
10101943
10101944
10101946
10101947
10101948
10101949
10101950
10101952
10101953
10101954
10101955
10101956
10101957
10101958
10101959
10101960
10101961
10101962
10101963
10101964
10101965
10101966
10101967
10101968
10101969
10101970
10101971
10101976
10101978
10101979
10101980
10101981
10101985
10101986
10102009
10102010
10102011
10102012
10102013
10102019
10102020
10102021
10102022
10102025
10102026
10102027
10102028
10102029
10102030
10102031
10102032
10102033
10102034
10102035
10102036
10102037
10102038
10102039
10102040
10102041
10102042
10102043
10102044
10102045
10102046
10102047
10102048
10102049
10102050
10102051
10102052
10102053
10102054
10102055
10102056
10102057
10102058
10102059
10102060
10102061
10102062
10102063
10102064
10102065
10102066
10102067
10102068
10102069
10102070
10102071
10102072
10102073
10102074
10102075
10102076
10102083
10102113
10102114
10102115
10102116
10102117
10102118
10102119
10102120
10102121
10102122
10102123
10102124
10102125
10102126
10102127
10102128
10102129
10102130
10102131
10102132
10102133
10102134
10102135
10102136
10102137
10102138
10102139
10102140
10102141
10102142
10102143
10102144
10102145
10102146
10102147
10102148
10102149
10102150
10102151
10102152
10102153
10102161
10102162
10102163
10102164
10102165
10102166
10102167
10102168
10102169
10102170
10102171
10102172
10102173
10102174
10102175
10102176
10102178
10102179
10102180
10102181
10102182
10102183
10102184
10102185
10102195
10102217
10102218
10102219
10102220
10102221
10102222
10102223
10102224
10102225
10102226
10102227
10102228
10102229
10102230
10102231
10102232
10102233
10102234
10102235
10102236
10102237
10102238
10102239
10102240
10102241
10102242
10102243
10102244
10102245
10102246
10102247
10102248
10102249
10102250
10102251
10102252
10102253
10102254
10102255
10102256
10102257
10102258
10102259
10102260
10102262
10102263
10102264
10102265
10102266
10102267
10102268
10102269
10102270
10102271
10102272
10102273
10102274
10102275
10102277
10102278
10102279
10102355
10102356
10102357
10102358
10102359
10102360
10102361
10102362
10102363
10102364
10102365
10102366
10102367
10102368
10102369
10102370
10102371
10102372
10102375
10102376
10102377
10102378
10102379
10102380
10102381
10102382
10102383
10102391
10102392
10102393
10102394
10102395
10102396
10102397
10102399
10102400
10102401
10102403
10102404
10102405
10102406
10102407
10102408
10102409
10102410
10102411
10102412
10102413
10102414
10102415
10102468
10102469
10102470
10102472
10102473
10102474
10102475
10102476
10102477
10102478
10102479
10102480
10102481
10102491
10102492
10102493
10102494
10102495
10102496
10102497
10102498
10102499
10102500
10102501
10102502
10102503
10102504
10102505
10102506
10102507
10102508
10102509
10102510
10102511
10102512
10102513
10102515
10102516
10102517
10102518
10102519
10102520
10102559
10102562
10102563
10102564
10102565
10102566
10102567
10102568
10102569
10102570
10102572
10102573
10102574
10102575
10102576
10102577
10102578
10102579
10102580
10102581
10102582
10102600
10102601
10102602
10102603
10102604
10102605
10102606
10102607
10102608
10102609
10102610
10102611
10102612
10102613
10102614
10102615
10102616
10102617
10102618
10102652
10102653
10102654
10102655
10102656
10102657
10102658
10102659
10102660
10102662
10102663
10102664
10102670
10102671
10102672
10102673
10102674
10102675
10102676
10102677
10102678
10102679
10102680
10102681
10102682
10102683
10102684
10102685
10102686
10102687
10102688
10102689
10102699
10102700
10102701
10102702
10102703
10102704
10102705
10102706
10102707
10102709
10102710
10102711
10102712
10102713
10102714
10102715
10102716
10102717
10102721
10102722
10102723
10102724
10102725
10102726
10102727
10102758
10102759
10102760
10102761
10102762
10102763
10102764
10102765
10102766
10102767
10102786
10102787
10102788
10102789
10102790
10102791
10102792
10102793
10102794
10102795
10102796
10102797
10102798
10102799
