10052967
10052968
10052969
10052970
10052972
10052973
10052974
10052975
10052976
10052977
10052978
10052979
10052980
10052981
10052982
10052983
10052984
10052985
10052986
10052987
10052988
10052989
10052990
10052991
10052992
10052993
10052994
10052995
10052996
10052997
10052998
10053000
10053001
10053003
10053005
10053006
10053007
10053008
10053009
10053010
10053011
10053012
10053013
10053014
10053015
10053016
10053017
10053018
10053019
10053020
10053021
10053022
10053023
10053024
10053025
10053026
10053028
10053029
10053030
10053031
10053032
10053033
10053034
10053036
10053037
10053038
10053039
10053040
10053041
10053042
10053043
10053045
10053046
10053047
10053048
10053049
10053050
10053051
10053052
10053053
10053054
10053055
10053056
10053057
10053058
10053059
10053060
10053061
10053062
10053063
10053064
10053065
10053066
10053067
10053068
10053069
10053070
10053071
10053072
10053073
10053074
10053075
10053076
10053077
10053078
10053079
10053080
10053081
10053082
10053083
10053084
10053085
10053086
10053087
10053088
10053089
10053090
10053091
10053092
10053093
10053094
10053095
10053096
10053097
10053098
10053099
10053100
10053101
10053102
10053103
10053104
10053105
10053106
10053107
10053108
10053109
10053110
10053111
10053112
10053113
10053114
10053115
10053116
10053117
10053118
10053119
10053120
10053121
10053122
10053124
10053125
10053126
10053127
10053128
10053129
10053130
10053131
10053132
10053133
10053134
10053135
10053136
10053137
10053138
10053139
10053141
10053142
10053143
10053144
10053145
10053146
10053147
10053148
10053149
10053150
10053151
10053152
10053153
10053154
10053155
10053156
10053157
10053158
10053159
10053162
10053165
10053166
10053167
10053168
10053172
10053173
10053175
10053176
10053178
10053179
10053180
10053181
10053182
10053186
10053187
10053190
10053191
10053192
10053193
10053194
10053195
10053196
10053197
10053198
10053199
10053203
10053204
10053205
10053206
10053207
10053208
10053209
10053212
10053213
10053214
10053216
10053218
10053220
10053223
10053224
10053225
10053227
10053229
10053230
10053232
10053233
10053234
10053235
10053236
10053237
10053242
10053243
10053244
10053245
10053246
10053247
10053248
10053249
10053250
10053251
10053254
10053255
10053257
10053258
10053259
10053260
10053262
10053263
10053264
10053265
10053266
10053267
10053268
10053271
10053274
10053277
10053280
10053283
10053284
10053285
10053286
10053288
10053289
10053290
10053291
10053292
10053293
10053294
10053295
10053296
10053297
10053298
10053299
10053300
10053305
10053306
10053307
10053308
10053309
10053314
10053316
10053317
10053318
10053319
10053320
10053321
10053322
10053323
10053324
10053325
10053326
10053327
10053328
10053329
10053334
10053335
10053336
10053339
10053343
10053344
10053345
10053346
10053347
10053348
10053349
10053350
10053351
10053352
10053353
10053354
10053355
10053356
10053357
10053358
10053359
10053360
10053361
10053362
10053363
10053364
10053368
10053369
10053370
10053371
10053372
10053373
10053374
10053375
10053376
10053377
10053381
10053383
10053384
10053385
10053386
10053387
10053388
10053389
10053390
10053391
10053392
10053393
10053394
10053400
10053402
10053405
10053406
10053407
10053408
10053409
10053410
10053411
10053412
10053419
10053421
10053422
10053423
10053424
10053425
10053426
10053428
10053429
10053431
10053432
10053433
10053434
10053435
10053436
10053437
10053438
10053439
10053440
10053441
10053442
10053443
10053444
10053445
10053446
10053447
10053448
10053450
10053451
10053452
10053453
10053454
10053455
10053456
10053457
10053458
10053459
10053460
10053461
10053462
10053463
10053464
10053465
10053466
10053470
10053472
10053473
10053474
10053475
10053476
10053477
10053478
10053479
10053481
10053484
10053486
10053487
10053488
10053489
10053490
10053491
10053492
10053493
10053494
10053495
10053496
10053497
10053498
10053499
10053500
10053501
10053504
10053505
10053506
10053507
10053508
10053510
10053511
10053512
10053513
10053517
10053518
10053519
10053520
10053523
10053524
10053525
10053526
10053532
10053533
10053534
10053535
10053536
10053537
10053538
10053539
10053540
10053545
10053547
10053548
10053549
10053550
10053551
10053552
10053553
10053554
10053562
10053563
10053564
10053565
10053566
10053567
10053568
10053569
10053572
10053573
10053577
10053578
10053579
10053580
10053582
10053584
10053585
10053586
10053587
10053588
10053589
10053591
10053598
10053600
10053601
10053602
10053603
10053604
10053606
10053607
10053608
10053609
10053619
10053620
10053621
10053622
10053624
10053627
10053628
10053629
10053630
10053631
10053634
10053635
10053636
10053637
10053638
10053639
10053640
10053641
10053642
10053643
10053648
10053650
10053653
10053654
10053655
10053658
10053659
10053660
10053661
10053662
10053663
10053664
10053665
10053666
10053667
10053668
10053670
10053672
10053673
10053674
10053684
10053685
10053689
10053690
10053691
10053692
10053693
10053694
10053695
10053697
10053698
10053699
10053700
10053704
10053705
10053708
10053709
10053714
10053715
10053716
10053717
10053718
10053719
10053720
10053721
10053722
10053724
10053727
10053729
10053732
10053733
10053735
10053740
10053741
10053742
10053743
10053744
10053745
10053746
10053747
10053748
10053749
10053750
10053755
10053756
10053757
10053761
10053763
10053764
10053772
10053773
10053774
10053776
10053777
10053778
10053779
10053780
10053781
10053782
10053784
10053787
10053789
10053790
10053793
10053796
10053800
10053802
10053803
10053804
10053805
10053806
10053807
10053808
10053809
10053810
10053811
10053815
10053817
10053818
10053819
10053820
10053821
10053822
10053823
10053825
10053827
10053828
10053829
10053835
10053836
10053837
10053838
10053839
10053840
10053846
10053850
10053851
10053852
10053853
10053854
10053855
10053856
10053857
10053858
10053859
10053861
10053862
10053864
10053870
10053871
10053872
10053873
10053874
10053875
10053876
10053877
10053878
10053879
10053880
10053885
10053887
10053888
10053891
10053892
10053893
10053894
10053895
10053896
10053897
10053898
10053899
10053900
10053901
10053902
10053903
10053904
10053905
10053907
10053908
10053909
10053910
10053911
10053914
10053915
10053916
10053917
10053918
10053919
10053920
10053921
10053922
10053924
10053925
10053927
10053928
10053929
10053930
10053938
10053939
10053940
10053941
10053942
10053943
10053944
10053949
10053950
10053951
10053952
10053954
10053955
10053956
10053958
10053959
10053960
10053961
10053964
10053966
10053967
10053968
10053969
10053970
10053971
10053972
10053973
10053974
10053975
10053976
10053978
10053979
10053980
10053981
10053983
10053985
10053986
10053987
10053988
10053997
10053998
10053999
10054000
10054001
10054002
10054003
10054004
10054005
10054006
10054007
10054008
10054009
10054010
10054030
10054031
10054032
10054033
10054034
10054036
10054046
10054047
10054049
10054050
10054051
10054052
10054053
10054054
10054055
10054056
10054057
10054062
10054063
10054064
10054065
10054066
10054067
10054068
10054069
10054070
10054071
10054072
10054073
10054074
10054075
10054076
10054077
10054078
10054079
10054082
10054090
10054091
10054092
10054093
10054094
10054095
10054096
10054098
10054102
10054103
10054104
10054105
10054106
10054108
10054111
10054112
10054113
10054116
10054120
10054121
10054122
10054123
10054124
10054125
10054126
10054127
10054132
10054133
10054135
10054136
10054137
10054138
10054140
10054142
10054143
10054144
10054146
10054147
10054148
10054153
10054154
10054155
10054156
10054157
10054158
10054159
10054160
10054166
10054167
10054168
10054169
10054170
10054171
10054172
10054173
10054185
10054186
10054187
10054188
10054189
10054190
10054193
10054194
10054196
10054199
10054200
10054201
10054203
10054205
10054206
10054207
10054208
10054209
10054210
10054211
10054212
10054213
10054214
10054215
10054216
10054217
10054219
10054220
10054221
10054223
10054225
10054226
10054228
10054229
10054230
10054231
10054232
10054233
10054235
10054236
10054241
10054242
10054247
10054248
10054249
10054250
10054251
10054252
10054253
10054254
10054255
10054256
10054257
10054258
10054259
10054260
10054262
10054263
10054264
10054265
10054266
10054267
10054268
10054269
10054270
10054271
10054272
10054273
10054274
10054275
10054276
10054279
10054281
10054287
10054288
10054289
10054290
10054291
10054292
10054293
10054294
10054295
10054296
10054297
10054298
10054301
10054302
10054303
10054304
10054305
10054306
10054309
10054310
10054311
10054312
10054313
10054314
10054318
10054319
10054320
10054323
10054324
10054325
10054326
10054327
10054328
10054329
10054330
10054332
10054333
10054335
10054336
10054337
10054339
10054340
10054341
10054342
10054343
10054344
10054345
10054346
10054347
10054348
10054349
10054350
10054351
10054355
10054356
10054357
10054358
10054359
10054360
10054361
10054362
10054363
10054364
10054365
10054366
10054367
10054368
10054369
10054370
10054371
10054374
10054379
10054380
10054381
10054382
10054383
10054384
10054385
10054386
10054387
10054388
10054389
10054390
10054391
10054393
10054394
10054397
10054398
10054400
10054401
10054402
10054403
10054404
10054405
10054406
10054407
10054408
10054411
10054415
10054416
10054418
10054420
10054421
10054422
10054423
10054424
10054425
10054426
10054429
10054430
10054432
10054433
10054435
10054436
10054437
10054438
10054439
10054440
10054441
10054442
10054443
10054444
10054447
10054448
10054449
10054450
10054451
10054452
10054453
10054454
10054456
10054457
10054458
10054459
10054460
10054461
10054462
10054463
10054464
10054465
10054466
10054467
10054468
10054472
10054473
10054476
10054479
10054480
10054481
10054482
10054483
10054484
10054485
10054486
10054487
10054488
10054489
10054490
10054494
10054496
10054497
10054498
10054499
10054500
10054502
10054503
10054504
10054506
10054510
10054513
10054514
10054515
10054516
10054517
10054518
10054519
10054520
10054521
10054523
10054524
10054525
10054526
10054527
10054528
10054529
10054530
10054531
10054532
10054533
10054536
10054543
10054544
10054545
10054546
10054547
10054548
10054549
10054551
10054553
10054555
10054562
10054563
10054564
10054565
10054566
10054569
10054570
10054571
10054572
10054573
10054574
10054575
10054576
10054577
10054578
10054579
10054580
10054581
10054582
10054588
10054589
10054590
10054591
10054592
10054593
10054594
10054595
10054596
10054597
10054601
10054604
10054605
10054606
10054607
10054608
10054609
10054616
10054622
10054623
10054624
10054626
10054627
10054628
10054629
10054630
10054631
10054632
10054633
10054634
10054637
10054638
10054639
10054641
10054642
10054643
10054645
10054646
10054648
10054649
10054651
10054655
10054657
10054660
10054661
10054662
10054663
10054665
10054666
10054667
10054668
10054669
10054670
10054671
10054672
10054674
10054675
10054676
10054678
10054679
10054680
10054681
10054682
10054684
10054685
10054687
10054688
10054690
10054693
10054694
10054696
10054699
10054700
10054701
10054702
10054703
10054704
10054705
10054706
10054708
10054709
10054710
10054711
10054712
10054713
10054720
10054721
10054722
10054723
10054725
10054726
10054727
10054730
10054734
10054735
10054736
10054737
10054739
10054740
10054743
10054744
10054745
10054746
10054747
10054750
10054751
10054753
10054754
10054755
10054760
10054762
10054764
10054765
10054766
10054767
10054769
10054770
10054771
10054772
10054773
10054774
10054777
10054779
10054780
10054781
10054782
10054783
10054784
10054785
10054786
10054792
10054796
10054797
10054798
10054800
10054801
10054802
10054803
10054804
10054805
10054806
10054816
10054818
10054819
10054820
10054821
10054822
10054823
10054824
10054825
10054826
10054827
10054828
10054829
10054830
10054831
10054833
10054834
10054835
10054838
10054839
10054840
10054841
10054842
10054843
10054845
10054846
10054847
10054848
10054849
10054851
10054852
10054853
10054854
10054855
10054856
10054857
10054859
10054860
10054861
10054865
10054866
10054867
10054868
10054869
10054870
10054871
10054872
10054873
10054874
10054877
10054878
10054879
10054881
10054883
10054884
10054885
10054886
10054887
10054888
10054889
10054890
10054891
10054892
10054906
10054907
10054908
10054909
10054910
10054911
10054912
10054913
10054914
10054915
10054916
10054917
10054918
10054919
10054920
10054921
10054922
10054923
10054924
10054926
10054927
10054928
10054939
10054940
10054941
10054942
10054943
10054944
10054945
10054947
10054948
10054949
10054952
10054953
10054954
10054955
10054956
10054957
10054958
10054959
10054960
10054961
10054975
10054976
10054977
10054978
10054979
10054980
10055002
10055003
10055004
10055005
10055006
10055007
10055008
10055009
10055010
10055011
10055012
10055013
10055014
10055015
10055016
10055017
10055018
10055019
10055020
10055021
10055022
10055023
10055027
10055028
10055029
10055030
10055031
10055032
10055033
10055034
10055035
10055036
10055037
10055038
10055039
10055040
10055041
10055042
10055043
10055044
10055045
10055046
10055047
10055049
10055050
10055051
10055053
10055054
10055055
10055056
10055057
10055058
10055059
10055061
10055062
10055063
10055064
10055065
10055066
10055067
10055069
10055070
10055071
10055073
10055074
10055075
10055076
10055078
10055079
10055081
10055082
10055083
10055084
10055085
10055086
10055087
10055088
10055089
10055090
10055091
10055092
10055094
10055095
10055096
10055098
10055099
10055100
10055101
10055102
10055103
10055104
10055106
10055107
10055108
10055109
10055110
10055111
10055113
10055118
10055119
10055120
10055123
10055124
10055125
10055126
10055127
10055128
10055129
10055130
10055131
10055132
10055133
10055134
10055135
10055139
10055140
10055141
10055142
10055143
10055144
10055145
10055146
10055147
10055148
10055149
10055151
10055152
10055153
10055154
10055155
10055156
10055157
10055159
10055160
10055165
10055167
10055168
10055171
10055172
10055173
10055174
10055175
10055176
10055177
10055178
10055179
10055180
10055183
10055185
10055188
10055194
10055195
10055196
10055197
10055198
10055199
10055200
10055201
10055205
10055206
10055207
10055208
10055209
10055210
10055211
10055212
10055213
10055214
10055216
10055217
10055218
10055219
10055220
10055221
10055222
10055224
10055226
10055227
10055228
10055229
10055230
10055231
10055232
10055233
10055234
10055235
10055236
10055237
10055238
10055239
10055241
10055242
10055243
10055245
10055246
10055247
10055251
10055252
10055253
10055254
10055255
10055256
10055257
10055258
10055259
10055260
10055261
10055264
10055267
10055268
10055269
10055270
10055271
10055272
10055273
10055274
10055275
10055279
10055283
10055284
10055285
10055286
10055287
10055288
10055289
10055290
10055291
10055293
10055296
10055297
10055298
10055299
10055300
10055301
10055302
10055303
10055304
10055305
10055306
10055307
10055308
10055309
10055310
10055311
10055312
10055313
10055316
10055317
10055318
10055319
10055322
10055323
10055325
10055327
10055328
10055331
10055332
10055333
10055334
10055335
10055336
10055337
10055338
10055339
10055340
10055344
10055348
10055349
10055355
10055356
10055357
10055358
10055359
10055361
10055363
10055364
10055365
10055366
10055368
10055370
10055371
10055372
10055373
10055374
10055376
10055377
10055378
10055380
10055381
10055382
10055383
10055384
10055390
10055393
10055397
10055398
10055399
10055400
10055401
10055403
10055404
10055406
10055407
10055409
10055411
10055412
10055413
10055420
10055421
10055422
10055423
10055424
10055425
10055426
10055427
10055432
10055433
10055435
10055436
10055437
10055440
10055441
10055442
10055453
10055454
10055455
10055456
10055457
10055458
10055459
10055460
10055461
10055462
10055463
10055464
10055468
10055469
10055470
10055471
10055472
10055475
10055476
10055477
10055478
10055479
10055483
10055484
10055485
10055486
10055487
10055488
10055489
10055490
10055491
10055492
10055494
10055496
10055497
10055498
10055499
10055500
10055503
10055504
10055505
10055508
10055509
10055510
10055511
10055512
10055513
10055514
10055515
10055516
10055517
10055518
10055519
10055520
10055521
10055522
10055523
10055524
10055525
10055526
10055527
10055528
10055529
10055531
10055532
10055535
10055536
10055537
10055540
10055541
10055542
10055544
10055545
10055546
10055547
10055548
10055549
10055550
10055551
10055552
10055553
10055554
10055555
10055558
10055559
10055560
10055561
10055562
10055564
10055567
10055568
10055574
10055576
10055577
10055578
10055579
10055584
10055585
10055587
10055588
10055589
10055591
10055594
10055595
10055596
10055597
10055598
10055599
10055600
10055601
10055602
10055605
10055608
10055609
10055613
10055614
10055615
10055616
10055617
10055618
10055620
10055622
10055623
10055624
10055625
10055627
10055628
10055629
10055630
10055631
10055632
10055633
10055634
10055635
10055638
10055639
10055640
10055641
10055643
10055644
10055645
10055646
10055648
10055649
10055650
10055651
10055652
10055653
10055654
10055655
10055656
10055657
10055658
10055661
10055662
10055663
10055665
10055666
10055667
10055668
10055669
10055670
10055671
10055672
10055673
10055674
10055675
10055676
10055677
10055678
10055682
10055683
10055684
10055686
10055687
10055688
10055690
10055691
10055695
10055696
10055697
10055698
10055699
10055700
10055702
10055705
10055706
10055707
10055708
10055709
10055710
10055711
10055712
10055713
10055714
10055715
10055716
10055717
10055718
10055719
10055720
10055721
10055722
10055723
10055724
10055725
10055726
10055727
10055728
10055730
10055732
10055735
10055736
10055738
10055739
10055740
10055741
10055742
10055743
10055744
10055745
10055747
10055748
10055750
10055751
10055752
10055753
10055754
10055759
10055760
10055762
10055763
10055764
10055765
10055766
10055767
10055768
10055769
10055770
10055771
10055772
10055775
10055776
10055777
10055779
10055781
10055782
10055783
10055784
10055785
10055786
10055787
10055789
10055790
10055791
10055793
10055794
10055795
10055796
10055797
10055798
10055799
10055800
10055801
10055802
10055803
10055804
10055805
10055808
10055809
10055810
10055811
10055812
10055813
10055818
10055820
10055821
10055822
10055823
10055824
10055825
10055826
10055827
10055828
10055829
10055830
10055832
10055833
10055835
10055836
10055837
10055838
10055840
10055841
10055842
10055843
10055844
10055845
10055846
10055847
10055848
10055849
10055850
10055852
10055853
10055854
10055855
10055856
10055857
10055858
10055859
10055860
10055861
10055862
10055863
10055864
10055865
10055866
10055867
10055868
10055869
10055871
10055872
10055873
10055874
10055875
10055876
10055878
10055879
10055880
10055881
10055882
10055884
10055885
10055886
10055887
10055888
10055892
10055893
10055894
10055895
10055896
10055897
10055898
10055899
10055900
10055901
10055902
10055903
10055905
10055906
10055909
10055910
10055911
10055912
10055913
10055914
10055915
10055916
10055917
10055918
10055919
10055920
10055922
10055923
10055924
10055925
10055927
10055928
10055929
10055931
10055932
10055933
10055934
10055935
10055936
10055938
10055939
10055942
10055943
10055944
10055945
10055946
10055947
10055950
10055951
10055952
10055953
10055955
10055956
10055957
10055958
10055959
10055960
10055962
10055963
10055964
10055965
10055969
10055970
10055971
10055972
10055973
10055974
10055975
10055976
10055977
10055978
10055979
10055980
10055981
10055982
10055983
10055984
10055985
10055986
10055987
10055988
10055989
10055990
10055991
10055992
10055996
10055997
10055998
10056000
10056001
10056002
10056004
10056005
10056006
10056007
10056008
10056009
10056010
10056011
10056012
10056014
10056015
10056016
10056017
10056018
10056019
10056020
10056021
10056023
10056024
10056025
10056027
10056028
10056030
10056031
10056032
10056033
10056034
10056035
10056036
10056037
10056038
10056039
10056043
10056044
10056045
10056046
10056047
10056048
10056049
10056051
10056052
10056053
10056054
10056056
10056057
10056058
10056059
10056060
10056061
10056062
10056063
10056064
10056065
10056066
10056067
10056068
10056069
10056070
10056071
10056074
10056075
10056076
10056079
10056080
10056081
10056082
10056083
10056084
10056085
10056086
10056087
10056088
10056089
10056090
10056091
10056092
10056093
10056094
10056095
10056096
10056097
10056098
10056099
10056104
10056105
10056106
10056107
10056108
10056110
10056111
10056112
10056113
10056114
10056118
10056119
10056120
10056121
10056122
10056123
10056124
10056125
10056126
10056127
10056128
10056129
10056130
10056131
10056135
10056136
10056137
10056138
10056141
10056142
10056143
10056144
10056145
10056146
10056147
10056148
10056149
10056150
10056151
10056152
10056153
10056154
10056155
10056156
10056157
10056159
10056160
10056162
10056163
10056164
10056165
10056166
10056167
10056171
10056172
10056173
10056174
10056175
10056177
10056178
10056179
10056180
10056181
10056182
10056183
10056184
10056185
10056187
10056189
10056190
10056191
10056192
10056193
10056194
10056195
10056198
10056199
10056200
10056201
10056202
10056203
10056204
10056205
10056206
10056207
10056208
10056209
10056210
10056211
10056212
10056213
10056215
10056216
10056217
10056218
10056219
10056220
10056222
10056223
10056224
10056225
10056226
10056227
10056228
10056230
10056231
10056232
10056233
10056234
10056236
10056237
10056238
10056239
10056240
10056241
10056242
10056243
10056244
10056245
10056246
10056249
10056250
10056252
10056253
10056254
10056255
10056256
10056257
10056258
10056259
10056260
10056261
10056262
10056264
10056266
10056267
10056269
10056270
10056271
10056272
10056273
10056274
10056275
10056276
10056277
10056278
10056279
10056280
10056281
10056283
10056284
10056285
10056287
10056288
10056289
10056290
10056291
10056292
10056293
10056294
10056295
10056296
10056297
10056298
10056299
10056300
10056301
10056302
10056303
10056306
10056307
10056308
10056309
10056311
10056312
10056313
10056314
10056315
10056316
10056319
10056320
10056321
10056322
10056326
10056327
10056329
10056330
10056331
10056337
10056338
10056339
10056340
10056341
10056342
10056345
10056346
10056349
10056350
10056351
10056352
10056354
10056355
10056356
10056357
10056358
10056359
10056360
10056361
10056362
10056363
10056365
10056366
10056367
10056368
10056369
10056370
10056371
10056372
10056373
10056376
10056377
10056378
10056379
10056380
10056381
10056382
10056383
10056384
10056388
10056389
10056390
10056391
10056392
10056393
10056394
10056395
10056396
10056399
10056400
10056403
10056405
10056406
10056407
10056408
10056409
10056413
10056414
10056415
10056416
10056417
10056418
10056419
10056420
10056421
10056422
10056423
10056424
10056425
10056426
10056427
10056428
10056430
10056431
10056434
10056436
10056437
10056438
10056443
10056444
10056445
10056446
10056447
10056448
10056449
10056450
10056451
10056454
10056455
10056456
10056457
10056458
10056459
10056460
10056461
10056462
10056463
10056464
10056465
10056466
10056467
10056468
10056469
10056470
10056471
10056472
10056473
10056475
10056476
10056478
10056480
10056481
10056482
10056483
10056484
10056485
10056486
10056487
10056488
10056489
10056490
10056491
10056492
10056494
10056495
10056496
10056497
10056499
10056500
10056501
10056502
10056505
10056506
10056507
10056508
10056510
10056511
10056512
10056513
10056514
10056515
10056516
10056517
10056518
10056519
10056520
10056522
10056523
10056524
10056525
10056526
10056527
10056528
10056529
10056530
10056531
10056532
10056533
10056534
10056535
10056537
10056538
10056539
10056540
10056541
10056542
10056543
10056544
10056546
10056547
10056548
10056549
10056550
10056551
10056552
10056553
10056558
10056560
10056562
10056563
10056564
10056565
10056566
10056567
10056571
10056572
10056573
10056574
10056575
10056576
10056577
10056579
10056580
10056581
10056582
10056583
10056584
10056585
10056586
10056587
10056588
10056589
10056591
10056594
10056595
10056596
10056597
10056598
10056599
10056600
10056601
10056602
10056603
10056604
10056605
10056606
10056607
10056608
10056609
10056610
10056611
10056613
10056614
10056615
10056616
10056617
10056618
10056619
10056620
10056621
10056622
10056623
10056624
10056625
10056626
10056627
10056628
10056629
10056630
10056631
10056632
10056633
10056634
10056635
10056636
10056637
10056639
10056640
10056641
10056642
10056643
10056644
10056645
10056646
10056647
10056648
10056649
10056651
10056652
10056653
10056654
10056656
10056657
10056658
10056659
10056660
10056661
10056663
10056665
10056666
10056667
10056668
10056669
10056670
10056671
10056672
10056673
10056675
10056678
10056679
10056680
10056681
10056683
10056684
10056685
10056686
10056687
10056688
10056689
10056690
10056691
10056692
10056693
10056694
10056695
10056696
10056697
10056698
10056702
10056703
10056704
10056705
10056706
10056707
10056708
10056709
10056710
10056711
10056712
10056716
10056717
10056718
10056719
10056720
10056721
10056722
10056723
10056724
10056727
10056728
10056729
10056730
10056731
10056732
10056733
10056734
10056736
10056737
10056738
10056739
10056741
10056742
10056743
10056744
10056745
10056746
10056747
10056749
10056751
10056752
10056757
10056758
10056760
10056761
10056762
10056763
10056764
10056765
10056766
10056767
10056769
10056770
10056771
10056772
10056773
10056774
10056775
10056776
10056777
10056778
10056779
10056780
10056783
10056784
10056786
10056787
10056788
10056789
10056790
10056791
10056792
10056793
10056794
10056795
10056796
10056797
10056798
10056800
10056801
10056802
10056803
10056804
10056806
10056807
10056808
10056811
10056812
10056813
10056814
10056815
10056816
10056817
10056818
10056819
10056820
10056822
10056823
10056824
10056826
10056830
10056832
10056833
10056834
10056835
10056836
10056837
10056838
10056839
10056840
10056841
10056842
10056843
10056846
10056849
10056850
10056851
10056852
10056853
10056854
10056855
10056856
10056859
10056860
10056861
10056862
10056863
10056864
10056865
10056866
10056867
10056868
10056869
10056873
10056874
10056876
10056877
10056878
10056879
10056880
10056881
10056882
10056883
10056884
10056885
10056886
10056887
10056888
10056889
10056891
10056892
10056893
10056894
10056895
10056896
10056897
10056898
10056899
10056900
10056901
10056904
10056905
10056906
10056907
10056908
10056909
10056910
10056911
10056912
10056915
10056917
10056918
10056919
10056920
10056921
10056922
10056923
10056924
10056925
10056926
10056927
10056928
10056929
10056930
10056931
10056935
10056936
10056937
10056938
10056939
10056940
10056941
10056942
10056943
10056945
10056946
10056948
10056949
10056950
10056951
10056952
10056953
10056954
10056955
10056956
10056957
10056958
10056959
10056960
10056961
10056962
10056963
10056964
10056966
10056967
10056968
10056969
10056970
10056972
10056973
10056974
10056977
10056979
10056980
10056981
10056982
10056983
10056985
10056987
10056988
10056989
10056991
10056992
10056993
10056994
10056995
10056996
10056997
10056998
10056999
10057000
10057001
10057003
10057004
10057006
10057007
10057008
10057009
10057010
10057011
10057012
10057013
10057014
10057018
10057019
10057020
10057021
10057022
10057023
10057024
10057025
10057026
10057027
10057030
10057031
10057035
10057038
10057039
10057040
10057041
10057042
10057043
10057044
10057045
10057046
10057047
10057048
10057049
10057051
10057052
10057053
10057054
10057055
10057056
10057059
10057062
10057063
10057064
10057065
10057066
10057067
10057068
10057069
10057070
10057072
10057073
10057075
10057076
10057077
10057078
10057079
10057080
10057081
10057082
10057083
10057084
10057086
10057087
10057088
10057089
10057090
10057091
10057092
10057093
10057094
10057095
10057096
10057097
10057098
10057099
10057100
10057101
10057102
10057103
10057104
10057105
10057106
10057107
10057108
10057109
10057110
10057111
10057112
10057113
10057115
10057117
10057118
10057122
10057123
10057124
10057125
10057126
10057129
10057133
10057134
10057135
10057136
10057140
10057141
10057142
10057143
10057144
10057145
10057146
10057147
10057148
10057149
10057150
10057151
10057152
10057153
10057154
10057155
10057156
10057162
10057163
10057164
10057165
10057166
10057167
10057168
10057169
10057170
10057171
10057172
10057173
10057175
10057176
10057177
10057178
10057179
10057180
10057182
10057183
10057184
10057185
10057186
10057188
10057189
10057190
10057191
10057193
10057194
10057196
10057198
10057199
10057200
10057201
10057202
10057203
10057205
10057208
10057209
10057210
10057211
10057212
10057213
10057214
10057216
10057217
10057218
10057219
10057220
10057222
10070048
10070049
10070050
10070051
10070052
10070053
10070054
10070127
10070169
10070171
10070172
10070173
10070174
10070175
10070176
10070269
10070270
10070271
10070272
10070273
10070274
10070275
10070276
10070384
10070386
10070387
10070389
10070390
10070391
10070392
10070393
10070394
10070395
10070396
10070397
10070398
10070399
10070400
10070401
10070515
10070535
10070536
10070537
10070538
10070539
10070540
10070541
10070542
10070543
10070544
10070596
10070657
10070658
10070659
10070660
10070662
10070663
10070665
10070666
10070667
10070668
10070669
10070670
10070771
10070801
10070802
10070803
10070804
10070805
10070808
10070810
10070811
10070813
10070938
10070939
10070940
10070941
10070942
10070943
10070944
10070945
10070947
10071089
10071090
10071091
10071093
10071094
10071098
10071099
10071100
10071101
10071102
10071228
10071230
10071231
10071233
10071235
10071236
10071237
10071238
10071239
10071240
10071241
10071242
10071289
10071367
10071368
10071369
10071370
10071371
10071372
10071373
10071374
10071375
10071497
10071498
10071500
10071503
10071505
10071506
10071507
10071508
10071510
10071512
10071513
10071515
10071516
10071517
10071518
10071519
10071520
10071649
10071650
10071651
10071652
10071654
10071656
10071657
10071658
10071659
10071660
10071661
10071662
10071663
10071664
10071665
10071666
10071775
10071776
10071780
10071784
10071785
10071786
10071787
10071788
10071790
10071791
10071900
10071901
10071902
10071903
10071905
10071907
10071908
10071909
10071910
10071911
10071974
10071975
10072086
10072087
10072088
10072090
10072091
10072093
10072094
10072096
10072097
10072098
10072099
10072100
10072212
10072223
10072224
10072226
10072228
10072230
10072231
10072232
10072233
10072234
10072235
10072236
10072237
10072379
10072380
10072381
10072382
10072383
10072384
10072385
10072386
10072387
10072388
10072392
10072393
10072418
10072429
10072430
10072432
10072476
10072490
10072493
10072500
10072501
10072509
10072510
10072511
10072512
10072513
10072514
10072656
10072658
10072659
10072660
10072661
10072662
10072663
10072664
10072665
10072666
10072667
10072668
10072669
10072671
10072673
10072675
10072808
10072809
10072810
10072811
10072813
10072814
10072815
10072816
10072819
10072820
10072821
10072822
10072824
10072838
10072972
10072973
10072974
10072976
10072977
10072978
10072979
10072983
10072984
10072985
10072986
10072987
10072988
10072989
10072997
10072998
10072999
10073103
10073105
10073106
10073107
10073109
10073111
10073112
10073113
10073115
10073116
10073117
10073188
10073259
10073260
10073261
10073262
10073263
10073267
10073268
10073269
10073270
10073271
10073273
10073274
10073385
10073386
10073387
10073388
10073391
10073392
10073393
10073394
10073395
10073396
10073397
10073398
10073399
10073400
10073554
10073555
10073558
10073559
10073560
10073561
10073562
10073563
10073564
10073565
10073566
10073567
10073568
10073569
10073615
10073617
10073618
10073619
10073620
10073621
10073622
10073623
10073624
10073625
10073626
10073656
10073675
10073676
10073691
10073800
10073801
10073803
10073805
10073806
10073807
10073809
10073810
10073812
10073813
10073929
10073940
10073941
10073943
10073944
10073946
10073949
10073950
10073951
10073952
10073953
10074060
10074061
10074062
10074063
10074064
10074066
10074067
10074068
10074069
10074070
10074071
10074072
10074074
10074075
10074076
10074096
10074205
10074207
10074208
10074209
10074210
10074211
10074212
10074215
10074216
10074268
10074286
10074287
10074294
10074295
10074296
10074297
10074298
10074299
10074300
10074320
10074422
10074423
10074436
10074443
10074444
10074445
10074446
10074573
10074575
10074577
10074578
10074579
10074581
10074582
10074583
10074584
10074585
10074586
10074587
10074700
10074701
10074703
10074704
10074709
10074710
10074711
10074712
10074713
10074714
10074715
10074804
10074844
10074845
10074847
10074848
10074850
10074851
10074853
10074854
10074855
10074856
10074857
10074858
10074859
10074960
10074962
10074963
10074964
10074965
10074966
10074967
10074968
10074969
10074970
10074971
10074973
10075052
10075053
10075054
10075077
10075078
10075079
10075080
10075081
10075084
10075085
10075217
10075219
10075220
10075221
10075222
10075223
10075224
10075225
10075226
10075227
10075228
10075229
10075230
10075343
10075344
10075345
10075346
10075349
10075350
10075351
10075352
10075366
10075461
10075462
10075466
10075467
10075468
10075469
10075470
10075471
10075472
10075473
10075474
10075600
10075603
10075604
10075605
10075606
10075607
10075609
10075610
10075611
10075612
10075613
10075670
10075735
10075736
10075739
10075741
10075742
10075778
10075779
10075780
10075781
10075816
10075817
10075853
10075854
10075855
10075858
10075859
10075860
10075861
10075862
10075872
10075875
10075879
10075936
10075954
10075963
10075994
10075995
10075996
10075997
10075999
10076144
10076145
10076146
10076148
10076149
10076150
10076153
10076154
10076155
10076156
10076207
10076208
10076209
10076210
10076211
10076212
10076213
10076214
10076215
10076216
10076217
10076218
10076252
10076362
10076378
10076379
10076380
10076381
10076382
10076383
10076385
10076386
10076387
10076388
10076389
10076390
10076399
10076532
10076538
10076539
10076540
10076541
10076542
10076543
10076547
10076548
10076549
10076551
10076589
10076590
10076591
10076593
10076681
10076686
10076687
10076688
10076690
10076691
10076693
10076695
10076696
10076698
10076699
10076887
10076888
10076889
10076890
10076891
10076892
10076893
10076894
10076895
10076896
10076897
10076898
10076899
10076937
10076985
10076986
10076989
10076990
10076992
10076993
10076994
10076995
10076996
10076997
10076998
10076999
10077047
10077048
10077095
10077096
10077098
10077099
10077101
10077102
10077103
10077104
10077105
10077106
10077108
10077243
10077244
10077245
10077247
10077248
10077249
10077250
10077251
10077252
10077253
10077254
10077255
10077256
10077324
10077346
10077373
10077376
10077377
10077378
10077379
10077380
10077381
10077382
10077383
10077384
10077385
10077386
10077387
10077388
10077390
10077426
10077427
10077446
10077447
10077501
10077502
10077503
10077518
10077521
10077523
10077524
10077525
10077526
10077527
10077528
10077624
10077625
10077626
10077627
10077628
10077631
10077632
10077633
10077766
10077767
10077768
10077771
10077772
10077773
10077776
10077777
10077778
10077779
10077780
10077800
10077858
10077859
10077860
10077863
10077864
10077865
10077866
10077867
10077868
10077869
10077870
10077871
10077872
10078040
10078041
10078045
10078046
10078047
10078048
10078049
10078050
10078051
10078052
10078053
10078054
10078182
10078183
10078185
10078186
10078187
10078188
10078189
10078190
10078191
10078192
10078193
10078194
10078195
10078196
10078197
10078198
10078199
10078379
10078383
10078384
10078385
10078386
10078388
10078389
10078390
10078394
10078401
10078452
10078456
10078457
10078458
10078459
10078460
10078461
10078462
10078463
10078464
10078465
10078466
10078467
10078468
10078469
10078470
10078650
10078651
10078652
10078653
10078654
10078655
10078656
10078662
10078663
10078664
10078665
10078679
10078680
10078800
10078801
10078802
10078803
10078804
10078806
10078809
10078810
10078811
10078812
10078932
10078933
10078963
10078964
10078965
10078966
10078967
10078968
10078969
10078971
10078972
10078974
10078975
10078976
10078977
10079084
10079085
10079086
10079087
10079089
10079090
10079091
10079092
10079093
10079094
10079096
10079097
10079098
10079266
10079267
10079269
10079271
10079273
10079274
10079275
10079276
10079277
10079278
10079279
10079280
10079281
10079282
10079283
10079284
10079285
10079286
10079287
10079288
10079422
10079444
10079445
10079446
10079447
10079448
10079449
10079450
10079451
10079452
10079453
10079456
10079457
10079458
10079459
10079460
10079461
10079462
10079464
10079465
10079466
10079525
10079563
10079564
10079565
10079566
10079567
10079570
10079571
10079572
10079573
10079574
10079575
10079576
10079577
10079578
10079579
10079592
10079721
10079735
10079740
10079745
10079746
10079747
10079750
10079751
10079752
10079753
10079754
10079755
10079775
10079860
10079861
10079936
10079937
10079938
10079939
10079942
10079943
10079944
10079945
10079946
10079947
10079967
10079979
10079980
10080065
10080066
10080067
10080068
10080074
10080075
10080076
10080077
10080078
10080079
10080080
10080081
10080082
10080083
10080084
10080086
10080235
10080236
10080237
10080238
10080239
10080240
10080241
10080242
10080243
10080245
10080246
10080254
10080370
10080371
10080372
10080373
10080374
10080375
10080376
10080377
10080378
10080379
10080380
10080381
10080383
10080384
10080385
10080524
10080529
10080530
10080531
10080532
10080533
10080534
10080535
10080536
10080538
10080582
10080679
10080680
10080682
10080683
10080684
10080685
10080686
10080688
10080689
10080690
10080800
10080801
10080802
10080804
10080809
10080810
10080811
10080812
10080823
10080881
10080882
10080908
10080909
10080941
10080942
10080944
10080945
10080946
10080947
10080948
10080949
10080950
10080951
10080952
10080953
10080983
10080991
10080993
10080995
10080996
10080997
10080998
10080999
10081065
10081066
10081068
10081069
10081070
10081240
10081241
10081243
10081244
10081245
10081246
10081247
10081248
10081249
10081250
10081251
10081292
10081319
10081345
10081351
10081352
10081353
10081356
10081357
10081361
10081362
10081363
10081455
10081460
10081461
10081462
10081464
10081465
10081466
10081467
10081468
10081469
10081470
10081484
10081583
10081584
10081585
10081586
10081590
10081591
10081592
10081593
10081594
10081595
10081596
10081597
10081598
10081599
10081602
10081750
10081751
10081752
10081753
10081754
10081755
10081756
10081759
10081760
10081762
10081764
10081765
10081766
10081794
10081845
10081868
10081873
10081875
10081876
10081877
10081878
10081879
10082001
10082023
10082024
10082025
10082026
10082027
10082028
10082029
10082030
10082032
10082033
10082034
10082035
10082036
10082037
10082038
10082039
10082040
10082041
10082042
10082124
10082125
10082128
10082129
10082130
10082132
10082134
10082135
10082136
10082137
10082138
10082282
10082283
10082284
10082285
10082286
10082288
10082289
10082290
10082292
10082293
10082294
10082450
10082451
10082452
10082453
10082454
10082456
10082457
10082458
10082459
10082578
10082580
10082581
10082582
10082583
10082585
10082586
10082587
10082688
10082689
10082690
10082717
10082718
10082719
10082720
10082721
10082724
10082725
10082726
10082727
10082728
10082729
10082731
10082761
10082762
10082791
10082792
10082822
10082863
10082864
10082865
10082866
10082867
10082868
10082869
10082870
10082871
10082872
10082873
10082874
10083002
10083003
10083004
10083005
10083006
10083007
10083008
10083009
10083144
10083145
10083146
10083148
10083149
10083150
10083151
10083153
10083154
10083155
10083156
10083157
10083158
10083159
10083271
10083272
10083273
10083275
10083276
10083277
10083278
10083279
10083401
10083402
10083403
10083404
10083407
10083410
10083411
10083412
10083413
10083414
10083415
10083529
10083545
10083546
10083547
10083548
10083549
10083550
10083551
10083552
10083553
10083554
10083555
10083556
10083557
10083691
10083692
10083693
10083694
10083695
10083696
10083698
10083699
10083841
10083845
10083846
10083847
10083848
10083849
10083850
10083851
10083852
10084000
10084001
10084002
10084003
10084005
10084006
10084007
10084008
10084009
10084010
10084011
10084012
10084030
10084158
10084159
10084186
10084187
10084188
10084189
10084190
10084191
10084192
10084193
10084194
10084196
10084197
10084198
10084199
10084301
10084302
10084303
10084304
10084305
10084306
10084307
10084308
10084309
10084310
10084311
10084312
10084313
10084314
10084315
10084316
10084473
10084474
10084475
10084476
10084477
10084478
10084479
10084481
10084483
10084494
10084637
10084638
10084640
10084641
10084642
10084643
10084644
10084645
10084646
10084647
10084648
10084649
10084781
10084783
10084784
10084785
10084787
10084788
10084789
10084790
10084791
10084792
10084793
10084794
10084795
10084796
10084797
10084799
10084930
10084931
10084932
10084934
10084936
10084937
10084938
10084941
10084942
10084943
10084944
10084945
10084946
10085090
10085093
10085095
10085096
10085097
10085098
10085099
10085101
10085103
10085122
10085123
10085124
10085225
10085226
10085227
10085228
10085229
10085230
10085232
10085233
10085234
10085235
10085236
10085237
10085342
10085344
10085349
10085350
10085352
10085470
10085471
10085472
10085473
10085475
10085476
10085477
10085478
10085479
10085480
10085481
10085483
10085484
10085485
10085486
10085621
10085622
10085625
10085626
10085629
10085630
10085631
10085632
10085634
10085635
10085636
10085637
10085638
10085639
10085721
10085726
10085728
10085729
10085730
10085731
10085732
10085733
10085734
10085735
10085737
10085739
10085754
10085755
10085770
10085836
10085837
10085838
10085839
10085842
10085843
10085844
10085845
10085846
10085847
10085848
10085849
10085850
10085972
10085973
10085975
10085976
10085977
10085978
10085979
10085980
10085981
10085982
10085983
10085984
10086093
10086094
10086100
10086101
10086105
10086106
10086108
10086109
10086184
10086185
10086186
10086187
10086239
10086240
10086244
10086245
10086246
10086247
10086248
10086249
10086335
10086336
10086337
10086338
10086339
10086341
10086342
10086343
10086344
10086346
10086347
10086348
10086349
10086350
10086351
10086500
10086501
10086502
10086503
10086504
10086506
10086508
10086509
10086510
10086511
10086512
10086513
10086514
10086530
10086536
10086540
10086541
10086553
10086647
10086648
10086649
10086657
10086658
10086659
10086661
10086662
10086663
10086665
10086666
10086667
10086668
10086669
10086670
10086671
10086673
10086674
10086697
10086698
10086814
10086815
10086816
10086817
10086818
10086819
10086820
10086821
10086822
10086823
10086824
10086930
10086931
10086933
10086934
10086937
10086938
10086939
10086940
10086941
10087060
10087061
10087062
10087063
10087064
10087065
10087066
10087068
10087069
10087070
10087071
10087072
10087073
10087074
10087079
10087095
10087160
10087161
10087163
10087164
10087165
10087166
10087168
10087169
10087170
10087171
10087303
10087304
10087306
10087308
10087309
10087310
10087311
10087312
10087313
10087314
10087315
10087316
10087423
10087424
10087425
10087429
10087430
10087431
10087432
10087433
10087434
10087499
10087500
10087501
10087502
10087503
10087504
10087505
10087506
10087507
10087508
10087509
10087510
10087565
10087617
10087618
10087619
10087620
10087621
10087622
10087623
10087624
10087625
10087629
10087662
10087663
10087664
10087665
10087666
10087667
10087668
10087669
10087670
10087671
10087672
10087673
10087793
10087794
10087795
10087797
10087798
10087799
10087800
10087801
10087802
10087803
10087815
10087898
10087899
10087900
10087901
10087902
10087903
10087904
10087905
10087906
10087907
10087908
10087909
10087910
10087911
10087976
10088007
10088008
10088009
10088010
10088011
10088012
10088013
10088014
10088015
10088016
10088017
10088018
10088019
10088020
10088021
10088022
10088023
10088024
10088050
10088084
10088115
10088134
10088135
10088137
10088138
10088139
10088140
10088141
10088142
10088143
10088144
10088145
10088146
10088147
10088148
10088149
10088252
10088253
10088254
10088255
10088256
10088257
10088258
10088259
10088260
10088261
10088262
10088339
10088340
10088341
10088342
10088343
10088344
10088345
10088346
10088347
10088348
10088476
10088477
10088478
10088479
10088481
10088482
10088483
10088484
10088485
10088486
10088487
10088488
10088489
10088490
10088561
10088575
10088576
10088577
10088578
10088579
10088580
10088581
10088582
10088583
10088584
10088585
10088586
10088628
10088672
10088673
10088674
10088675
10088676
10088677
10088678
10088679
10088680
10088681
10088682
10088800
10088801
10088802
10088803
10088804
10088805
10088806
10088807
10088808
10088809
10088878
10088879
10088880
10088881
10088882
10088883
10088884
10088885
10088886
10088887
10088985
10088986
10088987
10088988
10088989
10088990
10088991
10088992
10088993
10088994
10088995
10089076
10089084
10089085
10089086
10089087
10089088
10089089
10089090
10089091
10089157
10089190
10089191
10089192
10089193
10089194
10089195
10089196
10089197
10089198
10089199
10089230
10089249
10089265
10089266
10089268
10089269
10089271
10089400
10089401
10089402
10089403
10089404
10089405
10089406
10089407
10089408
10089409
10089475
10089476
10089501
10089502
10089503
10089504
10089505
10089506
10089507
10089508
10089509
10089570
10089600
10089601
10089602
10089603
10089604
10089605
10089606
10089607
10089608
10089609
10089610
10089751
10089752
10089753
10089754
10089755
10089756
10089757
10089758
10089848
10089849
10089850
10089851
10089852
10089853
10089854
10089855
10089856
10089956
10089975
10089976
10089988
10089989
10089990
10089991
10089992
10089993
10089994
10089995
10089996
10089997
10089998
10089999
10090051
10090052
10090053
10090054
10090055
10090058
10090059
10090060
10090061
10090074
10090083
10090086
10090087
10090088
10090089
10090090
10090091
10090096
10090099
10090120
10090140
10090141
10090142
10090144
10090145
10090146
10090147
10090148
10090149
10090150
10090151
10090155
10090156
10090157
10090251
10090252
10090253
10090254
10090280
10090281
10090282
10090283
10090284
10090285
10090286
10090287
10090289
10090290
10090293
10090296
10090400
10090401
10090402
10090403
10090404
10090405
10090406
10090407
10090408
10090409
10090410
10090411
10090412
10090465
10090466
10090467
10090468
10090469
10090470
10090471
10090473
10090474
10090475
10090476
10090543
10090544
10090545
10090546
10090547
10090549
10090621
10090622
10090623
10090624
10090625
10090626
10090627
10090628
10090629
10090630
10090631
10090632
10090633
10090677
10090678
10090679
10090680
10090681
10090682
10090683
10090684
10090685
10090686
10090687
10090688
10090800
10090801
10090802
10090803
10090804
10090805
10090806
10090807
10090808
10090809
10090895
10090896
10090897
10090898
10090899
10090900
10090901
10090902
10090903
10090904
10090982
10090983
10090984
10090985
10090986
10090987
10090988
10090989
10090990
10090991
10091038
10091098
10091099
10091100
10091101
10091102
10091103
10091104
10091105
10091106
10091107
10091108
10091109
10091182
10091183
10091184
10091186
10091187
10091188
10091189
10091262
10091263
10091264
10091265
10091266
10091267
10091269
10091271
10091272
10091359
10091360
10091361
10091362
10091363
10091364
10091365
10091366
10091367
10091368
10091369
10091370
10091453
10091454
10091455
10091456
10091457
10091458
10091459
10091460
10091461
10091462
10091463
10091464
10091538
10091539
10091540
10091541
10091542
10091543
10091544
10091545
10091547
10091548
10091549
10091550
10091551
10091589
10091590
10091591
10091592
10091593
10091594
10091596
10091597
10091650
10091651
10091652
10091653
10091654
10091655
10091656
10091657
10091658
10091659
10091730
10091731
10091732
10091733
10091734
10091735
10091736
10091737
10091738
10091779
10091790
10091848
10091849
10091850
10091851
10091852
10091853
10091854
10091855
10091896
10091928
10091929
10091930
10091931
10091932
10091933
10091934
10091935
10091936
10091989
10091990
10091999
10092007
10092013
10092014
10092015
10092016
10092017
10092018
10092019
10092020
10092021
10092022
10092023
10092097
10092101
10092102
10092103
10092104
10092105
10092106
10092107
10092108
10092109
10092110
10092114
10092143
10092189
10092190
10092191
10092192
10092193
10092194
10092196
10092199
10092200
10092201
10092202
10092203
10092204
10092205
10092206
10092207
10092215
10092232
10092242
10092262
10092297
10092298
10092299
10092300
10092301
10092302
10092303
10092304
10092305
10092306
10092307
10092308
10092309
10092310
10092313
10092314
10092368
10092369
10092370
10092371
10092372
10092373
10092374
10092448
10092470
10092471
10092472
10092473
10092474
10092475
10092476
10092477
10092478
10092479
10092481
10092571
10092572
10092573
10092574
10092575
10092576
10092577
10092578
10092579
10092580
10092581
10092692
10092693
10092694
10092695
10092696
10092697
10092698
10092699
10092723
10092724
10092725
10092726
10092727
10092728
10092729
10092730
10092731
10092732
10092733
10092734
10092810
10092811
10092812
10092813
10092854
10092855
10092856
10092857
10092858
10092859
10092860
10092861
10092862
10092863
10092864
10092865
10092866
10092943
10092944
10092945
10092946
10092947
10092948
10092949
10092950
10092951
10092953
10092954
10092955
10092956
10092957
10092958
10092959
10092974
10093051
10093052
10093053
10093054
10093055
10093056
10093057
10093058
10093059
10093060
10093061
10093062
10093100
10093124
10093134
10093152
10093153
10093154
10093155
10093156
10093157
10093158
10093159
10093160
10093238
10093239
10093240
10093241
10093242
10093243
10093244
10093245
10093246
10093328
10093329
10093330
10093331
10093332
10093333
10093334
10093335
10093336
10093393
10093409
10093410
10093411
10093412
10093413
10093414
10093415
10093416
10093417
10093469
10093508
10093509
10093510
10093511
10093512
10093513
10093514
10093515
10093516
10093579
10093601
10093602
10093603
10093604
10093605
10093606
10093607
10093608
10093609
10093610
10093712
10093713
10093714
10093715
10093716
10093717
10093718
10093719
10093732
10093790
10093793
10093826
10093827
10093828
10093829
10093830
10093831
10093832
10093833
10093834
10093835
10093836
10093856
10093857
10093920
10093921
10093922
10093923
10093924
10093925
10093926
10093936
10093937
10093969
10093979
10093980
10093981
10093982
10093983
10093984
10093985
10093986
10093987
10093988
10094031
10094032
10094033
10094034
10094035
10094036
10094037
10094039
10094040
10094124
10094125
10094126
10094127
10094128
10094130
10094131
10094132
10094133
10094134
10094135
10094146
10094229
10094241
10094242
10094243
10094244
10094245
10094246
10094247
10094248
10094249
10094289
10094327
10094328
10094330
10094331
10094332
10094333
10094334
10094335
10094336
10094337
10094392
10094393
10094394
10094395
10094425
10094426
10094443
10094444
10094445
10094446
10094447
10094448
10094449
10094450
10094451
10094506
10094535
10094536
10094537
10094538
10094539
10094540
10094541
10094584
10094585
10094586
10094588
10094615
10094616
10094617
10094657
10094672
10094703
10094753
10094754
10094755
10094756
10094757
10094758
10094759
10094760
10094761
10094762
10094763
10094818
10094868
10094869
10094870
10094871
10094872
10094873
10094874
10094875
10094876
10094877
10094878
10094879
10094951
10094952
10094953
10094954
10094955
10094956
10094957
10094958
10094959
10094960
10094961
10094962
10094967
10095081
10095082
10095083
10095084
10095085
10095086
10095087
10095088
10095189
10095190
10095191
10095192
10095193
10095194
10095195
10095196
10095198
10095199
10095200
10095250
10095251
10095252
10095253
10095254
10095255
10095256
10095257
10095258
10095259
10095260
10095261
10095262
10095263
10095264
10095295
10095311
10095349
10095378
10095379
10095380
10095381
10095382
10095383
10095384
10095385
10095386
10095387
10095402
10095446
10095447
10095448
10095449
10095450
10095451
10095452
10095453
10095454
10095455
10095456
10095457
10095458
10095459
10095487
10095488
10095489
10095509
10095579
10095605
10095606
10095607
10095608
10095609
10095610
10095611
10095612
10095613
10095614
10095615
10095616
10095617
10095719
10095720
10095721
10095722
10095723
10095724
10095725
10095726
10095727
10095728
10095729
10095730
10095773
10095787
10095806
10095807
10095808
10095809
10095810
10095811
10095812
10095813
10095814
10095815
10095816
10095817
10095818
10095819
10095912
10095913
10095914
10095915
10095916
10095917
10095919
10095920
10095921
10095922
10095923
10096010
10096015
10096016
10096017
10096018
10096019
10096020
10096021
10096099
10096100
10096101
10096102
10096103
10096104
10096105
10096106
10096107
10096108
10096109
10096119
10096195
10096196
10096197
10096198
10096199
10096200
10096201
10096202
10096203
10096214
10096236
10096277
10096278
10096279
10096280
10096281
10096282
10096283
10096332
10096366
10096367
10096368
10096369
10096370
10096371
10096372
10096373
10096374
10096418
10096419
10096420
10096421
10096422
10096423
10096424
10096425
10096426
10096427
10096484
10096485
10096487
10096488
10096489
10096490
10096491
10096492
10096493
10096494
10096495
10096496
10096497
10096498
10096499
10096540
10096541
10096578
10096579
10096580
10096581
10096582
10096583
10096584
10096585
10096586
10096612
10096613
10096614
10096615
10096616
10096617
10096618
10096619
10096620
10096621
10096668
10096680
10096698
10096714
10096715
10096716
10096717
10096718
10096719
10096720
10096721
10096722
10096776
10096777
10096778
10096779
10096780
10096781
10096782
10096783
10096784
10096889
10096890
10096891
10096892
10096893
10096894
10096895
10096896
10096958
10096959
10096960
10096961
10096962
10096963
10096964
10096965
10096966
10096967
10096968
10096984
10097066
10097067
10097068
10097069
10097070
10097071
10097072
10097073
10097074
10097075
10097076
10097140
10097141
10097142
10097143
10097144
10097145
10097146
10097147
10097148
10097149
10097150
10097271
10097272
10097274
10097275
10097276
10097277
10097278
10097279
10097280
10097281
10097293
10097366
10097367
10097368
10097369
10097370
10097371
10097372
10097373
10097374
10097475
10097488
10097489
10097490
10097491
10097492
10097493
10097494
10097495
10097496
10097497
10097498
10097499
10097529
10097589
10097590
10097591
10097592
10097593
10097594
10097595
10097596
10097597
10097598
10097599
10097637
10097638
10097639
10097640
10097641
10097642
10097643
10097644
10097645
10097646
10097729
10097730
10097752
10097753
10097754
10097755
10097756
10097757
10097792
10097793
10097794
10097795
10097796
10097797
10097798
10097799
10097802
10097803
10097873
10097874
10097875
10097876
10097900
10097915
10097916
10097917
10097918
10097919
10097920
10097921
10097922
10097923
10097924
10097925
10097926
10097927
10097928
10097929
10097930
10097931
10097995
10098014
10098015
10098016
10098017
10098018
10098019
10098020
10098098
10098099
10098100
10098101
10098102
10098103
10098104
10098105
10098106
10098107
10098108
10098204
10098205
10098206
10098207
10098208
10098209
10098210
10098211
10098212
10098277
10098278
10098279
10098280
10098281
10098282
10098283
10098284
10098285
10098286
10098351
10098352
10098353
10098354
10098355
10098356
10098357
10098358
10098359
10098360
10098419
10098434
10098435
10098436
10098437
10098438
10098439
10098440
10098441
10098442
10098443
10098444
10098445
10098492
10098493
10098510
10098511
10098512
10098513
10098514
10098515
10098516
10098517
10098518
10098519
10098520
10098594
10098595
10098596
10098597
10098598
10098599
10098600
10098601
10098602
10098687
10098688
10098689
10098690
10098691
10098692
10098693
10098694
10098695
10098696
10098697
10098749
10098805
10098806
10098807
10098808
10098809
10098810
10098811
10098812
10098813
10098814
10098923
10098924
10098925
10098926
10098927
10098928
10098929
10098931
10098983
10098984
10099030
10099031
10099032
10099033
10099034
10099035
10099036
10099037
10099090
10099091
10099114
10099115
10099116
10099117
10099118
10099119
10099120
10099121
10099122
10099123
10099124
10099125
10099126
10099203
10099204
10099205
10099206
10099207
10099208
10099209
10099210
10099211
10099212
10099213
10099214
10099215
10099279
10099280
10099284
10099309
10099310
10099311
10099312
10099313
10099314
10099315
10099316
10099317
10099318
10099319
10099352
10099353
10099354
10099355
10099356
10099357
10099358
10099359
10099492
10099493
10099494
10099495
10099496
10099497
10099498
10099499
10099571
10099572
10099573
10099574
10099623
10099624
10099625
10099626
10099627
10099628
10099629
10099630
10099631
10099695
10099728
10099729
10099730
10099731
10099732
10099733
10099734
10099735
10099736
10099737
10099738
10099739
10099740
10099741
10099742
10100021
10100022
10100100
10100101
10100102
10100103
10100104
10100105
10100106
10100107
10100108
10100109
10100110
10100143
10100144
10100145
10100146
10100147
10100148
10100149
10100150
10100151
10100152
10100189
10100220
10100221
10100222
10100223
10100224
10100225
10100226
10100227
10100228
10100229
10100230
10100231
10100232
10100315
10100316
10100317
10100318
10100319
10100320
10100321
10100322
10100323
10100324
10100325
10100389
10100390
10100391
10100392
10100393
10100394
10100395
10100396
10100397
10100398
10100399
10100400
10100401
10100402
10100403
10100404
10100405
10100499
10100500
10100501
10100502
10100503
10100504
10100505
10100506
10100507
10100508
10100509
10100510
10100511
10100598
10100599
10100600
10100601
10100602
10100603
10100604
10100605
10100689
10100690
10100691
10100692
10100693
10100694
10100695
10100696
10100697
10100698
10100699
10100712
10100713
10100819
10100820
10100821
10100822
10100823
10100824
10100825
10100826
10100827
10100828
10100829
10100830
10100831
10100872
10100873
10100890
10100918
10100919
10100920
10100921
10100922
10100923
10100924
10100925
10100926
10101000
10101001
10101002
10101003
10101004
10101005
10101006
10101008
10101009
10101010
10101011
10101012
10101122
10101123
10101124
10101125
10101126
10101127
10101128
10101129
10101130
10101132
10101133
10101134
10101225
10101226
10101227
10101228
10101229
10101230
10101231
10101232
10101233
10101234
10101235
10101236
10101237
10101238
10101239
10101289
10101290
10101318
10101319
10101320
10101321
10101322
10101323
10101324
10101325
10101326
10101389
10101422
10101423
10101424
10101425
10101426
10101427
10101428
10101429
10101430
10101431
10101516
10101517
10101518
10101519
10101520
10101521
10101522
10101523
10101524
10101611
10101612
10101613
10101614
10101615
10101616
10101617
10101618
10101619
10101620
10101621
10101678
10101679
10101700
10101701
10101702
10101703
10101704
10101705
10101706
10101707
10101708
10101709
10101710
10101780
10101781
10101782
10101783
10101784
10101785
10101786
10101787
10101788
10101789
10101790
10101905
10101906
10101907
10101908
10101909
10101910
10101911
10101912
10101913
10101914
10101915
10101988
10101992
10101993
10101994
10101995
10101996
10101997
10101998
10101999
10102006
10102100
10102101
10102102
10102103
10102104
10102105
10102106
10102107
10102108
10102109
10102110
10102111
10102112
10102186
10102187
10102188
10102189
10102190
10102191
10102192
10102193
10102194
10102301
10102302
10102303
10102304
10102305
10102306
10102307
10102308
10102309
10102310
10102311
10102312
10102313
10102314
10102315
10102345
10102346
10102347
10102348
10102349
10102350
10102351
10102352
10102353
10102354
10102386
10102448
10102449
10102450
10102451
10102452
10102453
10102454
10102455
10102456
10102457
10102458
10102459
10102460
10102461
10102462
10102535
10102536
10102537
10102538
10102539
10102540
10102541
10102542
10102543
10102544
10102545
10102546
10102547
10102548
10102549
10102550
10102551
10102552
10102637
10102638
10102639
10102640
10102641
10102642
10102643
10102644
10102645
10102646
10102647
10102648
10102649
10102650
10102744
10102745
10102746
10102747
10102748
10102749
10102750
10102751
10102752
10102753
10102754
10102755
10102756
10102757
