10065584
10065585
10065586
10065587
10065588
10065589
10065591
10065592
10065593
10065594
10065597
10065598
10065599
10065600
10065601
10065602
10065603
10065604
10065605
10065606
10065607
10065608
10065609
10065610
10065611
10065612
10065613
10065614
10065615
10065617
10065618
10065619
10065620
10065622
10065623
10065624
10065625
10065626
10065627
10065628
10065629
10065630
10065631
10065632
10065633
10065634
10065635
10065636
10065637
10065638
10065639
10065640
10065641
10065642
10065644
10065645
10065646
10065647
10065649
10065650
10065651
10065652
10065653
10065654
10065655
10065656
10065657
10065658
10065659
10065660
10065665
10065666
10065667
10065668
10065669
10065670
10065671
10065672
10065673
10065674
10065675
10065676
10065677
10065678
10065679
10065680
10065681
10065682
10065683
10065684
10065685
10065686
10065687
10065688
10065689
10065690
10065691
10065692
10065693
10065694
10065695
10065696
10065697
10065698
10065699
10065701
10065702
10065703
10065705
10065706
10065707
10065708
10065709
10065710
10065711
10065712
10065713
10065714
10065715
10065716
10065717
10065718
10065719
10065720
10065721
10065722
10065723
10065724
10065725
10065726
10065727
10065728
10065729
10065730
10065731
10065732
10065733
10065734
10065735
10065736
10065737
10065738
10065739
10065740
10065741
10065742
10065743
10065744
10065745
10065746
10065748
10065749
10065751
10065752
10065753
10065754
10065755
10065756
10065758
10065759
10065760
10065763
10065764
10065765
10065766
10065767
10065768
10065769
10065771
10065772
10065773
10065774
10065775
10065776
10065777
10065778
10065779
10065780
10065781
10065782
10065784
10065785
10065786
10065787
10065788
10065789
10065790
10065791
10065792
10065793
10065794
10065795
10065796
10065797
10065798
10065800
10065801
10065802
10065803
10065804
10065805
10065806
10065807
10065808
10065809
10065810
10065811
10065812
10065813
10065814
10065815
10065816
10065817
10065818
10065819
10065820
10065821
10065822
10065823
10065824
10065825
10065826
10065827
10065828
10065829
10065830
10065831
10065832
10065833
10065834
10065835
10065836
10065837
10065838
10065839
10065840
10065842
10065843
10065844
10065845
10065846
10065847
10065848
10065849
10065851
10065852
10065853
10065854
10065855
10065856
10065857
10065858
10065859
10065860
10065861
10065862
10065863
10065864
10065865
10065866
10065867
10065868
10065869
10065870
10065871
10065872
10065873
10065874
10065875
10065876
10065877
10065878
10065879
10065880
10065881
10065882
10065883
10065884
10065885
10065886
10065887
10065888
10065889
10065890
10065891
10065893
10065894
10065895
10065896
10065897
10065898
10065899
10065900
10065901
10065902
10065903
10065904
10065905
10065906
10065907
10065910
10065911
10065912
10065914
10065915
10065916
10065917
10065918
10065919
10065920
10065921
10065922
10065923
10065924
10065925
10065926
10065927
10065928
10065929
10065930
10065931
10065932
10065933
10065934
10065935
10065936
10065937
10065938
10065939
10065940
10065941
10065942
10065943
10065944
10065946
10065947
10065948
10065949
10065950
10065951
10065952
10065953
10065954
10065955
10065956
10065957
10065958
10065959
10065961
10065962
10065964
10065965
10065966
10065967
10065968
10065969
10065970
10065971
10065972
10065973
10065974
10065975
10065976
10065977
10065978
10065979
10065980
10065983
10065984
10065985
10065986
10065987
10065988
10065989
10065990
10065991
10065992
10065993
10065994
10065995
10065997
10065998
10065999
10066000
10066001
10066002
10066004
10066005
10066008
10066009
10066010
10066011
10066012
10066013
10066014
10066015
10066016
10066017
10066018
10066019
10066020
10066021
10066022
10066023
10066024
10066025
10066026
10066028
10066029
10066032
10066033
10066035
10066036
10066037
10066038
10066039
10066040
10066041
10066042
10066044
10066045
10066047
10066049
10066050
10066051
10066053
10066054
10066055
10066056
10066057
10066058
10066059
10066060
10066062
10066063
10066064
10066065
10066066
10066067
10066068
10066069
10066070
10066071
10066072
10066073
10066074
10066075
10066076
10066077
10066078
10066079
10066080
10066081
10066082
10066083
10066084
10066085
10066086
10066087
10066089
10066090
10066091
10066092
10066093
10066094
10066095
10066096
10066097
10066098
10066099
10066100
10066101
10066102
10066103
10066106
10066107
10066108
10066109
10066110
10066111
10066112
10066113
10066114
10066115
10066117
10066118
10066119
10066120
10066121
10066122
10066123
10066124
10066125
10066126
10066127
10066128
10066129
10066131
10066132
10066133
10066134
10066135
10066136
10066137
10066138
10066139
10066140
10066141
10066142
10066143
10066144
10066145
10066146
10066147
10066148
10066150
10066151
10066152
10066153
10066154
10066155
10066156
10066157
10066158
10066159
10066160
10066161
10066162
10066163
10066164
10066165
10066166
10066167
10066168
10066169
10066172
10066173
10066174
10066175
10066176
10066177
10066178
10066179
10066180
10066182
10066183
10066184
10066185
10066186
10066187
10066190
10066191
10066192
10066195
10066196
10066197
10066198
10066199
10066200
10066201
10066202
10066203
10066204
10066205
10066206
10066207
10066211
10066215
10066216
10066217
10066220
10066221
10066224
10066225
10066226
10066227
10066228
10066229
10066230
10066233
10066234
10066235
10066236
10066237
10066238
10066239
10066240
10066242
10066243
10066244
10066245
10066246
10066247
10066248
10066249
10066250
10066251
10066252
10066253
10066255
10066256
10066257
10066258
10066259
10066261
10066262
10066263
10066264
10066265
10066266
10066267
10066268
10066269
10066270
10066271
10066272
10066273
10066274
10066275
10066278
10066279
10066280
10066281
10066282
10066283
10066284
10066285
10066286
10066287
10066288
10066289
10066290
10066292
10066293
10066294
10066295
10066296
10066297
10066298
10066299
10066300
10066301
10066302
10066303
10066304
10066305
10066306
10066307
10066308
10066310
10066311
10066313
10066314
10066315
10066316
10066317
10066318
10066319
10066320
10066321
10066322
10066323
10066324
10066325
10066326
10066327
10066328
10066329
10066330
10066331
10066332
10066333
10066334
10066336
10066337
10066338
10066339
10066340
10066341
10066342
10066343
10066344
10066345
10066347
10066348
10066349
10066351
10066352
10066354
10066355
10066356
10066357
10066358
10066359
10066360
10066361
10066362
10066363
10066366
10066367
10066368
10066369
10066370
10066371
10066372
10066373
10066374
10066375
10066376
10066377
10066379
10066380
10066381
10066382
10066383
10066384
10066385
10066386
10066387
10066388
10066389
10066390
10066391
10066392
10066393
10066394
10066395
10066396
10066397
10066398
10066400
10066402
10066403
10066404
10066405
10066406
10066407
10066408
10066409
10066410
10066411
10066412
10066413
10066414
10066415
10066416
10066417
10066419
10066420
10066421
10066422
10066423
10066424
10066425
10066426
10066427
10066428
10066429
10066430
10066431
10066432
10066434
10066437
10066438
10066439
10066440
10066441
10066442
10066443
10066445
10066446
10066447
10066448
10066449
10066450
10066451
10066452
10066454
10066455
10066456
10066457
10066458
10066459
10066460
10066461
10066463
10066464
10066465
10066466
10066467
10066468
10066469
10066470
10066471
10066472
10066473
10066474
10066475
10066476
10066477
10066478
10066480
10066483
10066486
10066487
10066488
10066489
10066490
10066491
10066492
10066493
10066494
10066495
10066496
10066497
10066499
10066500
10066501
10066502
10066503
10066504
10066505
10066506
10066507
10066508
10066509
10066510
10066511
10066512
10066513
10066514
10066515
10066516
10066517
10066518
10066519
10066520
10066521
10066522
10066523
10066524
10066526
10066527
10066528
10066529
10066530
10066531
10066532
10066533
10066535
10066536
10066537
10066538
10066539
10066540
10066541
10066542
10066543
10066544
10066545
10066546
10066547
10066548
10066549
10066550
10066551
10066552
10066553
10066554
10066555
10066556
10066557
10066558
10066559
10066560
10066561
10066562
10066563
10066564
10066565
10066566
10066567
10066568
10066569
10066571
10066572
10066573
10066574
10066575
10066576
10066577
10066578
10066579
10066580
10066581
10066582
10066583
10066585
10066586
10066587
10066588
10066589
10066590
10066591
10066592
10066593
10066594
10066595
10066596
10066597
10066598
10066599
10066600
10066601
10066602
10066603
10066604
10066605
10066606
10066607
10066610
10066611
10066612
10066613
10066614
10066615
10066616
10066617
10066619
10066620
10066621
10066622
10066623
10066624
10066625
10066626
10066627
10066628
10066629
10066630
10066631
10066632
10066634
10066635
10066636
10066637
10066638
10066640
10066641
10066642
10066645
10066647
10066648
10066650
10066651
10066652
10066653
10066654
10066655
10066658
10066659
10066660
10066661
10066663
10066664
10066665
10066666
10066667
10066668
10066669
10066670
10066672
10066673
10066674
10066675
10066676
10066677
10066679
10066680
10066681
10066683
10066684
10066685
10066686
10066687
10066688
10066689
10066692
10066693
10066694
10066695
10066696
10066697
10066698
10066699
10066700
10066701
10066703
10066704
10066705
10066706
10066707
10066708
10066710
10066711
10066713
10066715
10066716
10066717
10066718
10066719
10066720
10066722
10066723
10066724
10066725
10066726
10066728
10066729
10066730
10066731
10066732
10066733
10066735
10066736
10066737
10066738
10066739
10066740
10066741
10066742
10066743
10066745
10066746
10066747
10066748
10066749
10066750
10066751
10066752
10066753
10066754
10066755
10066756
10066758
10066759
10066762
10066763
10066764
10066765
10066766
10066767
10066768
10066769
10066770
10066771
10066772
10066773
10066774
10066775
10066776
10066777
10066778
10066780
10066781
10066782
10066783
10066784
10066785
10066786
10066787
10066788
10066789
10066790
10066792
10066793
10066794
10066796
10066797
10066798
10066799
10066800
10066802
10066803
10066804
10066805
10066806
10066807
10066809
10066810
10066811
10066812
10066813
10066814
10066815
10066816
10066817
10066818
10066819
10066820
10066822
10066823
10066824
10066825
10066826
10066827
10066828
10066829
10066830
10066831
10066832
10066833
10066834
10066835
10066836
10066837
10066839
10066840
10066841
10066842
10066843
10066845
10066847
10066848
10066850
10066851
10066852
10066853
10066854
10066855
10066856
10066857
10066858
10066859
10066860
10066863
10066864
10066865
10066866
10066867
10066868
10066870
10066872
10066873
10066874
10066876
10066877
10066878
10066880
10066881
10066882
10066883
10066884
10066885
10066886
10066887
10066888
10066889
10066890
10066892
10066893
10066894
10066896
10066897
10066898
10066899
10066900
10066901
10066902
10066903
10066904
10066905
10066906
10066907
10066908
10066909
10066910
10066911
10066912
10066913
10066914
10066915
10066918
10066919
10066920
10066921
10066923
10066924
10066925
10066926
10066927
10066929
10066930
10066931
10066934
10066935
10066936
10066938
10066939
10066940
10066941
10066942
10066943
10066945
10066946
10066947
10066948
10066949
10066950
10066951
10066952
10066956
10066957
10066958
10066959
10066960
10066961
10066962
10066963
10066964
10066965
10066966
10066967
10066968
10066969
10066970
10066972
10066973
10066974
10066975
10066976
10066977
10066981
10066983
10066985
10066986
10066987
10066988
10066989
10066990
10066991
10066992
10066993
10066995
10066996
10066997
10066999
10067000
10067001
10067002
10067003
10067004
10067005
10067006
10067007
10067008
10067009
10067011
10067012
10067014
10067015
10067016
10067017
10067018
10067019
10067020
10067022
10067024
10067025
10067026
10067027
10067028
10067029
10067030
10067031
10067032
10067033
10067034
10067035
10067037
10067038
10067039
10067040
10067041
10067042
10067043
10067044
10067045
10067047
10067048
10067049
10067050
10067051
10067052
10067054
10067055
10067057
10067059
10067060
10067061
10067062
10067063
10067064
10067065
10067066
10067070
10067071
10067072
10067073
10067074
10067075
10067076
10067077
10067078
10067079
10067080
10067081
10067082
10067086
10067087
10067088
10067089
10067090
10067091
10067093
10067094
10067095
10067096
10067097
10067098
10067099
10067100
10067101
10067102
10067103
10067104
10067105
10067106
10067107
10067108
10067109
10067110
10067111
10067112
10067113
10067114
10067116
10067117
10067118
10067119
10067120
10067121
10067122
10067124
10067125
10067126
10067127
10067129
10067130
10067131
10067133
10067134
10067135
10067136
10067137
10067138
10067139
10067140
10067141
10067142
10067143
10067144
10067146
10067147
10067148
10067149
10067150
10067151
10067152
10067153
10067154
10067155
10067156
10067157
10067158
10067159
10067160
10067161
10067163
10067164
10067165
10067166
10067167
10067168
10067169
10067170
10067171
10067172
10067173
10067174
10067175
10067176
10067177
10067178
10067179
10067180
10067181
10067182
10067183
10067184
10067185
10067186
10067187
10067188
10067189
10067190
10067191
10067192
10067194
10067195
10067196
10067197
10067198
10067199
10067200
10067201
10067202
10067203
10067204
10067205
10067206
10067207
10067208
10067209
10067210
10067211
10067213
10067214
10067215
10067216
10067218
10067219
10067220
10067221
10067222
10067223
10067224
10067225
10067227
10067228
10067229
10067230
10067231
10067232
10067233
10067234
10067235
10067236
10067237
10067238
10067239
10067240
10067241
10067242
10067243
10067244
10067246
10067247
10067248
10067249
10067250
10067251
10067252
10067253
10067254
10067255
10067256
10067257
10067258
10067259
10067260
10067261
10067262
10067263
10067264
10067265
10067266
10067267
10067268
10067269
10067271
10067272
10067274
10067275
10067276
10067277
10067278
10067279
10067280
10067281
10067282
10067283
10067284
10067285
10067286
10067287
10067288
10067289
10067291
10067292
10067293
10067294
10067295
10067297
10067298
10067299
10067300
10067302
10067303
10067304
10067305
10067306
10067307
10067308
10067309
10067310
10067311
10067312
10067313
10067314
10067316
10067318
10067319
10067320
10067321
10067322
10067323
10067324
10067325
10067326
10067327
10067328
10067329
10067330
10067331
10067332
10067333
10067334
10067335
10067336
10067337
10067338
10067339
10067340
10067341
10067342
10067344
10067345
10067346
10067347
10067348
10067349
10067350
10067351
10067352
10067353
10067354
10067355
10067356
10067357
10067358
10067359
10067360
10067361
10067362
10067363
10067364
10067365
10067366
10067367
10067368
10067369
10067370
10067372
10067374
10067375
10067376
10067377
10067378
10067379
10067380
10067381
10067382
10067383
10067384
10067385
10067387
10067388
10067390
10067392
10067393
10067394
10067395
10067397
10067398
10067399
10067400
10067403
10067405
10067406
10067407
10067408
10067410
10067412
10067413
10067415
10067416
10067417
10067418
10067419
10067420
10067421
10067422
10067423
10067424
10067426
10067427
10067428
10067429
10067431
10067433
10067434
10067435
10067436
10067437
10067438
10067439
10067440
10067441
10067442
10067443
10067444
10067445
10067446
10067447
10067449
10067450
10067451
10067452
10067453
10067454
10067455
10067456
10067457
10067458
10067459
10067460
10067463
10067464
10067465
10067466
10067467
10067468
10067470
10067471
10067472
10067473
10067474
10067475
10067477
10067478
10067480
10067481
10067482
10067483
10067484
10067485
10067486
10067487
10067488
10067489
10067492
10067493
10067494
10067495
10067496
10067497
10067498
10067500
10067501
10067502
10067503
10067504
10067505
10067506
10067507
10067508
10067509
10067511
10067513
10067514
10067515
10067516
10067517
10067518
10067519
10067520
10067521
10067522
10067523
10067524
10067525
10067526
10067527
10067528
10067529
10067530
10067531
10067532
10067533
10067534
10067535
10067536
10067537
10067539
10067540
10067541
10067542
10067543
10067544
10067545
10067546
10067550
10067551
10067552
10067553
10067554
10067555
10067556
10067557
10067558
10067559
10067560
10067561
10067562
10067563
10067564
10067565
10067566
10067567
10067568
10067569
10067570
10067571
10067572
10067573
10067574
10067576
10067578
10067579
10067580
10067581
10067582
10067584
10067586
10067587
10067588
10067589
10067590
10067591
10067592
10067593
10067595
10067597
10067598
10067599
10067602
10067603
10067604
10067605
10067606
10067607
10067608
10067610
10067611
10067612
10067613
10067614
10067615
10067616
10067618
10067619
10067621
10067622
10067623
10067624
10067625
10067627
10067628
10067629
10067630
10067632
10067633
10067634
10067635
10067636
10067638
10067639
10067640
10067641
10067642
10067644
10067645
10067646
10067647
10067648
10067649
10067650
10067652
10067654
10067655
10067656
10067657
10067658
10067659
10067660
10067661
10067662
10067663
10067664
10067665
10067666
10067667
10067668
10067669
10067670
10067671
10067672
10067674
10067675
10067676
10067677
10067678
10067679
10067680
10067681
10067682
10067683
10067684
10067685
10067686
10067687
10067688
10067689
10067690
10067691
10067692
10067693
10067694
10067695
10067696
10067697
10067698
10067699
10067700
10067701
10067702
10067704
10067705
10067706
10067708
10067710
10067711
10067712
10067713
10067714
10067715
10067716
10067717
10067718
10067720
10067722
10067723
10067724
10067725
10067726
10067727
10067728
10067730
10067731
10067732
10067733
10067734
10067735
10067737
10067738
10067739
10067740
10067741
10067742
10067743
10067744
10067745
10067747
10067748
10067749
10067750
10067751
10067752
10067753
10067754
10067755
10067756
10067757
10067758
10067759
10067760
10067761
10067762
10067764
10067765
10067766
10067767
10067768
10067769
10067770
10067772
10067773
10067774
10067775
10067776
10067777
10067778
10067779
10067780
10067781
10067782
10067783
10067784
10067786
10067787
10067788
10067789
10067792
10067793
10067794
10067795
10067796
10067798
10067799
10067800
10067801
10067802
10067803
10067804
10067806
10067807
10067808
10067809
10067810
10067811
10067813
10067814
10067815
10067816
10067817
10067818
10067819
10067820
10067821
10067822
10067823
10067824
10067826
10067827
10067828
10067829
10067830
10067831
10067832
10067833
10067834
10067835
10067836
10067837
10067838
10067839
10067840
10067841
10067842
10067843
10067844
10067845
10067846
10067847
10067848
10067849
10067850
10067851
10067852
10067853
10067855
10067856
10067857
10067858
10067859
10067861
10067862
10067863
10067864
10067867
10067868
10067869
10067870
10067871
10067872
10067873
10067874
10067875
10067877
10067878
10067879
10067880
10067881
10067883
10067884
10067885
10067887
10067888
10067889
10067890
10067891
10067892
10067893
10067896
10067897
10067898
10067899
10067900
10067902
10067903
10067905
10067906
10067907
10067908
10067909
10067910
10067911
10067912
10067913
10067914
10067917
10067918
10067919
10067920
10067921
10067922
10067923
10067924
10067926
10067927
10067928
10067929
10067930
10067932
10067933
10067934
10067935
10067936
10067937
10067938
10067939
10067941
10067942
10067943
10067946
10067947
10067948
10067949
10067950
10067951
10067953
10067954
10067956
10067957
10067958
10067959
10067960
10067961
10067962
10067963
10067964
10067965
10067966
10067967
10067969
10067970
10067971
10067973
10067974
10067975
10067976
10067977
10067978
10067979
10067980
10067981
10067982
10067983
10067984
10067987
10067988
10067989
10067990
10067991
10067992
10067993
10067995
10067996
10067999
10068000
10068001
10068002
10068003
10068004
10068005
10068006
10068007
10068008
10068009
10068010
10068012
10068013
10068014
10068015
10068016
10068017
10068018
10068019
10068020
10068022
10068023
10068024
10068029
10068030
10068032
10068033
10068034
10068035
10068036
10068038
10068039
10068041
10068042
10068043
10068044
10068045
10068048
10068049
10068050
10068051
10068052
10068053
10068054
10068055
10068057
10068060
10068062
10068063
10068064
10068065
10068066
10068067
10068068
10068069
10068070
10068073
10068074
10068075
10068076
10068077
10068078
10068079
10068082
10068085
10068088
10068090
10068091
10068093
10068094
10068095
10068096
10068099
10068100
10068101
10068102
10068103
10068104
10068106
10068107
10068108
10068109
10068110
10068111
10068112
10068113
10068114
10068115
10068116
10068117
10068118
10068119
10068120
10068121
10068125
10068129
10068130
10068131
10068132
10068133
10068134
10068135
10068136
10068137
10068138
10068139
10068140
10068141
10068143
10068144
10068145
10068147
10068151
10068152
10068153
10068155
10068156
10068157
10068160
10068161
10068162
10068163
10068164
10068166
10068167
10068168
10068169
10068171
10068172
10068173
10068174
10068175
10068176
10068177
10068178
10068179
10068180
10068181
10068182
10068183
10068184
10068185
10068186
10068187
10068188
10068189
10068190
10068191
10068192
10068193
10068194
10068195
10068196
10068197
10068200
10068201
10068202
10068203
10068204
10068205
10068206
10068207
10068208
10068209
10068210
10068211
10068212
10068213
10068214
10068215
10068216
10068217
10068218
10068219
10068220
10068221
10068222
10068224
10068225
10068226
10068227
10068228
10068229
10068230
10068232
10068233
10068234
10068235
10068236
10068237
10068238
10068239
10068240
10068241
10068242
10068243
10068244
10068246
10068247
10068248
10068249
10068250
10068251
10068252
10068253
10068254
10068255
10068256
10068257
10068258
10068259
10068260
10068261
10068262
10068263
10068265
10068266
10068268
10068269
10068270
10068271
10068272
10068273
10068274
10068275
10068276
10068277
10068278
10068280
10068281
10068282
10068283
10068284
10068285
10068286
10068289
10068290
10068291
10068292
10068293
10068294
10068296
10068298
10068299
10068300
10068301
10068303
10068304
10068305
10068306
10068308
10068309
10068310
10068311
10068312
10068313
10068314
10068315
10068317
10068318
10068319
10068320
10068321
10068322
10068323
10068324
10068325
10068326
10068327
10068329
10068330
10068332
10068333
10068334
10068336
10068337
10068338
10068339
10068340
10068341
10068342
10068343
10068344
10068345
10068346
10068347
10068349
10068350
10068351
10068354
10068355
10068356
10068357
10068358
10068359
10068360
10068361
10068362
10068363
10068364
10068366
10068367
10068368
10068369
10068370
10068371
10068372
10068373
10068374
10068375
10068376
10068378
10068379
10068380
10068381
10068382
10068383
10068384
10068385
10068386
10068387
10068388
10068389
10068390
10068391
10068392
10068393
10068394
10068395
10068396
10068398
10068399
10068400
10068401
10068403
10068404
10068405
10068406
10068407
10068408
10068409
10068410
10068411
10068412
10068413
10068414
10068415
10068416
10068417
10068418
10068420
10068421
10068424
10068425
10068426
10068427
10068428
10068429
10068430
10068431
10068432
10068434
10068435
10068437
10068438
10068439
10068440
10068441
10068442
10068443
10068444
10068445
10068446
10068447
10068448
10068449
10068451
10068452
10068453
10068454
10068456
10068457
10068458
10068459
10068460
10068461
10068462
10068464
10068465
10068466
10068467
10068468
10068469
10068470
10068471
10068472
10068473
10068474
10068475
10068476
10068477
10068478
10068480
10068481
10068482
10068483
10068484
10068485
10068486
10068487
10068488
10068489
10068490
10068492
10068493
10068494
10068495
10068496
10068497
10068498
10068500
10068501
10068502
10068503
10068505
10068506
10068507
10068508
10068509
10068510
10068511
10068512
10068513
10068515
10068517
10068518
10068519
10068520
10068521
10068523
10068525
10068526
10068527
10068529
10068530
10068531
10068533
10068535
10068537
10068538
10068539
10068540
10068541
10068542
10068543
10068544
10068546
10068547
10068548
10068549
10068550
10068551
10068552
10068553
10068554
10068555
10068556
10068557
10068558
10068559
10068560
10068561
10068562
10068563
10068565
10068567
10068568
10068569
10068570
10068571
10068572
10068573
10068574
10068575
10068576
10068577
10068579
10068580
10068581
10068582
10068583
10068584
10068585
10068586
10068588
10068589
10068590
10068592
10068593
10068595
10068596
10068597
10068598
10068600
10068602
10068603
10068604
10068605
10068606
10068607
10068608
10068609
10068610
10068611
10068612
10068613
10068614
10068615
10068616
10068617
10068619
10068620
10068621
10068622
10068625
10068626
10068627
10068628
10068629
10068630
10068631
10068632
10068633
10068634
10068635
10068637
10068638
10068639
10068640
10068642
10068643
10068644
10068645
10068648
10068650
10068651
10068652
10068653
10068654
10068655
10068656
10068657
10068658
10068659
10068660
10068661
10068663
10068664
10068665
10068666
10068667
10068668
10068669
10068670
10068671
10068674
10068675
10068676
10068677
10068678
10068679
10068680
10068681
10068682
10068683
10068684
10068685
10068686
10068687
10068688
10068689
10068690
10068691
10068692
10068693
10068694
10068695
10068696
10068697
10068698
10068699
10068700
10068701
10068702
10068703
10068704
10068705
10068706
10068707
10068708
10068709
10068710
10068711
10068712
10068713
10068714
10068715
10068716
10068717
10068718
10068719
10068721
10068722
10068723
10068724
10068725
10068726
10068727
10068728
10068729
10068730
10068731
10068732
10068733
10068734
10068735
10068736
10068737
10068738
10068739
10068740
10068741
10068742
10068743
10068746
10068747
10068748
10068749
10068750
10068751
10068753
10068754
10068755
10068756
10068757
10068758
10068759
10068760
10068761
10068762
10068763
10068764
10068765
10068766
10068767
10068768
10068769
10068770
10068771
10068772
10068773
10068774
10068775
10068776
10068777
10068779
10068780
10068781
10068782
10068783
10068784
10068785
10068786
10068787
10068789
10068790
10068791
10068793
10068794
10068795
10068796
10068797
10068798
10068799
10068800
10068801
10068802
10068803
10068804
10068805
10068806
10068807
10068809
10068810
10068811
10068812
10068813
10068814
10068815
10068816
10068817
10068818
10068819
10068820
10068821
10068822
10068823
10068824
10068826
10068827
10068828
10068829
10068830
10068831
10068832
10068833
10068834
10068835
10068836
10068837
10068838
10068839
10068840
10068841
10068842
10068843
10068844
10068845
10068846
10068847
10068848
10068849
10068850
10068851
10068852
10068853
10068854
10068855
10068856
10068858
10068859
10068860
10068861
10068862
10068863
10068864
10068865
10068866
10068867
10068868
10068869
10068870
10068871
10068872
10068873
10068874
10068875
10068876
10068877
10068878
10068879
10068880
10068881
10068882
10068883
10068884
10068885
10068886
10068887
10068888
10068889
10068890
10068892
10068893
10068894
10068895
10068897
10068898
10068899
10068900
10068901
10068903
10068904
10068905
10068906
10068908
10068909
10068910
10068911
10068913
10068914
10068915
10068916
10068917
10068918
10068919
10068921
10068922
10068923
10068924
10068925
10068926
10068927
10068928
10068929
10068930
10068931
10068932
10068933
10068934
10068936
10068937
10068938
10068939
10068940
10068941
10068942
10068943
10068944
10068949
10068951
10068952
10068954
10068955
10068956
10068957
10068958
10068960
10068961
10068962
10068963
10068964
10068966
10068967
10068968
10068969
10068971
10068972
10068973
10068974
10068975
10068976
10068977
10068978
10068979
10068980
10068981
10068982
10068983
10068984
10068985
10068986
10068987
10068988
10068989
10068990
10068991
10068992
10068993
10068995
10068996
10068998
10068999
10069000
10069001
10069002
10069003
10069004
10069005
10069006
10069007
10069008
10069009
10069010
10069011
10069012
10069014
10069015
10069016
10069017
10069018
10069019
10069020
10069021
10069022
10069023
10069025
10069027
10069029
10069030
10069031
10069032
10069033
10069034
10069036
10069037
10069038
10069039
10069041
10069043
10069044
10069046
10069047
10069048
10069050
10069052
10069053
10069054
10069055
10069056
10069057
10069058
10069059
10069060
10069061
10069062
10069063
10069064
10069065
10069066
10069067
10069068
10069072
10069074
10069075
10069077
10069078
10069079
10069081
10069082
10069083
10069084
10069085
10069086
10069087
10069088
10069089
10069090
10069091
10069092
10069093
10069094
10069095
10069096
10069097
10069098
10069099
10069100
10069101
10069102
10069103
10069104
10069105
10069106
10069107
10069108
10069109
10069110
10069111
10069112
10069113
10069115
10069116
10069117
10069119
10069120
10069121
10069122
10069123
10069124
10069125
10069126
10069127
10069129
10069130
10069131
10069133
10069134
10069135
10069136
10069137
10069138
10069139
10069140
10069141
10069142
10069143
10069144
10069145
10069146
10069147
10069148
10069149
10069150
10069151
10069152
10069153
10069154
10069155
10069156
10069157
10069158
10069159
10069160
10069161
10069162
10069163
10069164
10069165
10069166
10069167
10069168
10069169
10069170
10069171
10069172
10069173
10069174
10069175
10069176
10069178
10069179
10069180
10069181
10069182
10069183
10069184
10069185
10069186
10069188
10069189
10069190
10069191
10069192
10069194
10069196
10069197
10069198
10069199
10069200
10069202
10069203
10069204
10069205
10069206
10069207
10069208
10069209
10069211
10069212
10069213
10069214
10069215
10069216
10069217
10069218
10069219
10069220
10069221
10069222
10069223
10069224
10069226
10069227
10069228
10069229
10069230
10069231
10069232
10069233
10069234
10069235
10069236
10069237
10069238
10069241
10069242
10069243
10069244
10069245
10069246
10069247
10069248
10069249
10069250
10069251
10069254
10069255
10069257
10069258
10069259
10069260
10069261
10069262
10069263
10069264
10069265
10069266
10069267
10069268
10069270
10069271
10069272
10069273
10069274
10069275
10069276
10069277
10069278
10069279
10069280
10069281
10069282
10069283
10069284
10069285
10069286
10069287
10069288
10069289
10069290
10069291
10069292
10069293
10069294
10069295
10069296
10069297
10069298
10069300
10069301
10069302
10069303
10069304
10069306
10069307
10069308
10069309
10069310
10069311
10069312
10069314
10069315
10069316
10069318
10069319
10069320
10069321
10069322
10069323
10069324
10069325
10069326
10069328
10069329
10069330
10069332
10069333
10069334
10069335
10069339
10069340
10069341
10069342
10069343
10069344
10069345
10069346
10069347
10069348
10069349
10069350
10069351
10069352
10069353
10069354
10069355
10069356
10069358
10069359
10069360
10069361
10069362
10069363
10069364
10069365
10069367
10069368
10069369
10069370
10069371
10069372
10069373
10069374
10069375
10069376
10069377
10069378
10069379
10069380
10069381
10069382
10069383
10069384
10069387
10069389
10069390
10069391
10069392
10069393
10069394
10069395
10069396
10069397
10069398
10069399
10069400
10069401
10069402
10069403
10069404
10069405
10069406
10069407
10069408
10069410
10069411
10069412
10069413
10069414
10069415
10069416
10069417
10069418
10069419
10069420
10069421
10069422
10069423
10069424
10069425
10069426
10069427
10069428
10069429
10069430
10069432
10069433
10069434
10069435
10069436
10069437
10069438
10069439
10069440
10069442
10069443
10069444
10069445
10069447
10069448
10069449
10069450
10069452
10069453
10069454
10069455
10069456
10069457
10069459
10069460
10069461
10069462
10069463
10069464
10069465
10069466
10069467
10069468
10069469
10069470
10069471
10069472
10069473
10069474
10069475
10069476
10069477
10069478
10069479
10069480
10069481
10069482
10069483
10069484
10069489
10069490
10069491
10069492
10069493
10069494
10069495
10069497
10069498
10069499
10069500
10069501
10069502
10069503
10069504
10069505
10069506
10069507
10069508
10069509
10069510
10069511
10069512
10069513
10069514
10069515
10069516
10069517
10069518
10069519
10069520
10069521
10069522
10069523
10069524
10069525
10069526
10069527
10069528
10069529
10069530
10069531
10069532
10069533
10069534
10069537
10069539
10069541
10069542
10069543
10069544
10069545
10069546
10069547
10069549
10069550
10069551
10069552
10069553
10069554
10069556
10069557
10069558
10069559
10069560
10069561
10069562
10069563
10069564
10069565
10069566
10069567
10069568
10069569
10069570
10069571
10069572
10069573
10069574
10069575
10069576
10069577
10069578
10069579
10069580
10069581
10069582
10069583
10069584
10069585
10069586
10069587
10069588
10069590
10069591
10069592
10069593
10069594
10069595
10069596
10069597
10069598
10069599
10069600
10069601
10069602
10069603
10069604
10069605
10069606
10069609
10069610
10069611
10069612
10069613
10069614
10069615
10069616
10069617
10069618
10069619
10069620
10069621
10069622
10069623
10069624
10069625
10069626
10069628
10069629
10069630
10069631
10069632
10069633
10069635
10069636
10069637
10069638
10069639
10069640
10069641
10069642
10069643
10069645
10069646
10069647
10069648
10069649
10069650
10069651
10069652
10069653
10069654
10069655
10069656
10069657
10069659
10069660
10069661
10069662
10069663
10069664
10069665
10069666
10069667
10069668
10069669
10069670
10069672
10069673
10069674
10069675
10069676
10069677
10069678
10069679
10069680
10069681
10069682
10069683
10069684
10069685
10069686
10069687
10069688
10069689
10069690
10069691
10069692
10069693
10069696
10069697
10069698
10069699
10069700
10069701
10069702
10069703
10069704
10069705
10069706
10069707
10069708
10069709
10069710
10069711
10069712
10069713
10069714
10069715
10069716
10069717
10069718
10069719
10069720
10069721
10069722
10069723
10069724
10069725
10069727
10069728
10069730
10069731
10069732
10069733
10069734
10069735
10069737
10069738
10069739
10069740
10069741
10069742
10069743
10069744
10069745
10069747
10069748
10069749
10069750
10069751
10069752
10069753
10069754
10069755
10069757
10069758
10069759
10069760
10069761
10069762
10069763
10069765
10069766
10069767
10069768
10069769
10069770
10069771
10069772
10069773
10069774
10069775
10069776
10069777
10069779
10069780
10069781
10069782
10069783
10069784
10069785
10069786
10069787
10069788
10069789
10069790
10069791
10069792
10069793
10069794
10069795
10069796
10069797
10069798
10069799
10069800
10069801
10069802
10069803
10069804
10069806
10069807
10069808
10069810
10069811
10069812
10069813
10069814
10069815
10069816
10069817
10069818
10069819
10069820
10069821
10069823
10069824
10069825
10069826
10069827
10069828
10069829
10069830
10069831
10069832
10069833
10069834
10069835
10069836
10069837
10069838
10069839
10069840
10069841
10069842
10069843
10069844
10069845
10069846
10069847
10069848
10069851
10069852
10069853
10069854
10069855
10069856
10069857
10069858
10069859
10069860
10069861
10069862
10069863
10069864
10069865
10069866
10069867
10069868
10069869
10069870
10069871
10069872
10069873
10069874
10069875
10069876
10069877
10069878
10069879
10069880
10069882
10069883
10069884
10069885
10069886
10069889
10069891
10069892
10069893
10069894
10069895
10069896
10069897
10069898
10069899
10069900
10069901
10069902
10069903
10069904
10069905
10069906
10069908
10069909
10069910
10069911
10069912
10069913
10069914
10069917
10069918
10069920
10069921
10069922
10069923
10069925
10069926
10069927
10069928
10069929
10069930
10069931
10069932
10069933
10069934
10069938
10069939
10069940
10069941
10069942
10069943
10069944
10069945
10069948
10069949
10069950
10069951
10069952
10069953
10069954
10069955
10069956
10069957
10069958
10069960
10069961
10069962
10069963
10069964
10069965
10069966
10069967
10069968
10069969
10069970
10069971
10069972
10069973
10069974
10069975
10069976
10069979
10069980
10069981
10069982
10069983
10069984
10069985
10069987
10069988
10069990
10069992
10069993
10069994
10069995
10069996
10069997
10069999
10070019
10070022
10070023
10070024
10070025
10070103
10070167
10070168
10070224
10070232
10070234
10070248
10070249
10070250
10070251
10070362
10070363
10070364
10070365
10070366
10070378
10070403
10070404
10070406
10070407
10070408
10070459
10070460
10070461
10070464
10070465
10070466
10070467
10070520
10070530
10070531
10070532
10070534
10070604
10070630
10070631
10070633
10070634
10070635
10070640
10070643
10070712
10070715
10070716
10070717
10070718
10070719
10070726
10070764
10070765
10070767
10070768
10070769
10070770
10070773
10070774
10070775
10070809
10070812
10070814
10070815
10070821
10070848
10070880
10070882
10070884
10070885
10070887
10070888
10070889
10070890
10070891
10070892
10070893
10070894
10070895
10070896
10070897
10070898
10070921
10070922
10070931
10070932
10070933
10070934
10070935
10070936
10070937
10070973
10070977
10071045
10071062
10071063
10071064
10071065
10071066
10071096
10071194
10071195
10071196
10071197
10071198
10071199
10071200
10071229
10071232
10071334
10071335
10071336
10071337
10071338
10071339
10071340
10071341
10071458
10071459
10071460
10071461
10071462
10071463
10071619
10071620
10071621
10071622
10071623
10071624
10071625
10071626
10071690
10071694
10071755
10071756
10071757
10071765
10071766
10071767
10071768
10071769
10071770
10071771
10071772
10071773
10071774
10071913
10071914
10071915
10071916
10071917
10071918
10071976
10071977
10071978
10072080
10072081
10072082
10072083
10072084
10072085
10072103
10072104
10072193
10072194
10072195
10072196
10072197
10072198
10072199
10072200
10072201
10072354
10072355
10072358
10072359
10072474
10072477
10072478
10072479
10072621
10072622
10072624
10072625
10072626
10072627
10072628
10072801
10072802
10072803
10072804
10072805
10072806
10072807
10072938
10072939
10072940
10072941
10072942
10072943
10072944
10072993
10073071
10073072
10073073
10073074
10073075
10073077
10073078
10073200
10073225
10073226
10073227
10073228
10073229
10073230
10073231
10073232
10073233
10073234
10073235
10073318
10073353
10073354
10073355
10073357
10073358
10073359
10073360
10073365
10073519
10073520
10073522
10073523
10073524
10073525
10073526
10073657
10073659
10073660
10073661
10073662
10073663
10073706
10073714
10073791
10073792
10073794
10073795
10073796
10073797
10073798
10073799
10073913
10073919
10073920
10073921
10073922
10073923
10073924
10074041
10074042
10074043
10074044
10074157
10074180
10074181
10074182
10074183
10074184
10074185
10074186
10074187
10074188
10074189
10074301
10074302
10074303
10074304
10074305
10074306
10074307
10074308
10074413
10074415
10074451
10074479
10074480
10074481
10074501
10074509
10074512
10074544
10074576
10074682
10074684
10074685
10074686
10074687
10074793
10074794
10074795
10074822
10074823
10074824
10074936
10074937
10074938
10075050
10075051
10075055
10075086
10075087
10075089
10075090
10075091
10075092
10075093
10075094
10075095
10075096
10075431
10075432
10075433
10075434
10075435
10075436
10075546
10075547
10075548
10075549
10075550
10075565
10075566
10075567
10075568
10075569
10075570
10075571
10075572
10075574
10075575
10075576
10075691
10075692
10075693
10075694
10075695
10075696
10075697
10075822
10075844
10075845
10075846
10075848
10075850
10075851
10075852
10075878
10075956
10075957
10075959
10075961
10075962
10075964
10075965
10075966
10075970
10076092
10076093
10076094
10076095
10076175
10076179
10076255
10076257
10076258
10076259
10076260
10076261
10076262
10076263
10076264
10076356
10076391
10076392
10076393
10076394
10076395
10076396
10076397
10076398
10076520
10076521
10076522
10076523
10076524
10076525
10076526
10076527
10076528
10076529
10076530
10076531
10076546
10076634
10076635
10076648
10076671
10076672
10076673
10076674
10076675
10076676
10076677
10076678
10076679
10076680
10076689
10076781
10076851
10076852
10076853
10076854
10076855
10076856
10076857
10076858
10076859
10076860
10076861
10076862
10076958
10076959
10076962
10076963
10076964
10076965
10076966
10077071
10077072
10077073
10077220
10077221
10077222
10077223
10077224
10077225
10077226
10077231
10077246
10077347
10077367
10077368
10077369
10077370
10077371
10077464
10077465
10077466
10077467
10077468
10077469
10077522
10077552
10077603
10077604
10077605
10077606
10077734
10077735
10077736
10077737
10077738
10077739
10077740
10077741
10077775
10077849
10077850
10077852
10077853
10077854
10077960
10078000
10078012
10078013
10078014
10078015
10078016
10078017
10078075
10078132
10078133
10078134
10078135
10078136
10078137
10078138
10078303
10078309
10078310
10078312
10078313
10078364
10078366
10078367
10078368
10078369
10078373
10078374
10078375
10078376
10078377
10078391
10078393
10078477
10078478
10078479
10078480
10078481
10078605
10078606
10078609
10078703
10078770
10078772
10078773
10078774
10078775
10079168
10079169
10079170
10079171
10079174
10079175
10079177
10079178
10079179
10079180
10079181
10079223
10079224
10079225
10079226
10079227
10079228
10079229
10079230
10079232
10079233
10079234
10079235
10079236
10079338
10079339
10079340
10079341
10079342
10079343
10079345
10079346
10079347
10079349
10079413
10079415
10079416
10079417
10079418
10079419
10079501
10079502
10079503
10079504
10079505
10079542
10079543
10079544
10079703
10079705
10079706
10079707
10079708
10079709
10079710
10079711
10079712
10079713
10079714
10079715
10079716
10079851
10079852
10079853
10079854
10079855
10079856
10079857
10079858
10079859
10079901
10079902
10079903
10079904
10079905
10079907
10079908
10079909
10079911
10079912
10079913
10080030
10080031
10080032
10080033
10080034
10080035
10080036
10080037
10080038
10080039
10080040
10080041
10080220
10080221
10080222
10080223
10080224
10080226
10080227
10080228
10080229
10080231
10080233
10080388
10080396
10080400
10080401
10080402
10080403
10080404
10080405
10080406
10080407
10080408
10080410
10080411
10080412
10080431
10080432
10080501
10080503
10080504
10080505
10080506
10080507
10080508
10080509
10080510
10080511
10080512
10080549
10080587
10080588
10080654
10080655
10080657
10080658
10080659
10080691
10080795
10080799
10080813
10080814
10080815
10080816
10080817
10080818
10080819
10080820
10080821
10080822
10080824
10080826
10080911
10080920
10080921
10080922
10080923
10080924
10080925
10080926
10080927
10080928
10080929
10080930
10080931
10080932
10080936
10080938
10080955
10081072
10081073
10081074
10081075
10081076
10081078
10081079
10081090
10081100
10081170
10081171
10081172
10081173
10081174
10081175
10081309
10081310
10081401
10081434
10081435
10081436
10081437
10081438
10081439
10081440
10081442
10081443
10081444
10081445
10081446
10081485
10081570
10081576
10081577
10081578
10081579
10081714
10081715
10081716
10081717
10081718
10081719
10081860
10081861
10081862
10081863
10081865
10081866
10081867
10081883
10081987
10081988
10081989
10082009
10082078
10082079
10082080
10082081
10082082
10082083
10082405
10082406
10082407
10082408
10082409
10082517
10082552
10082553
10082554
10082555
10082561
10082607
10082608
10082687
10082691
10082692
10082694
10082697
10082698
10082699
10082831
10082832
10082833
10082834
10082835
10082836
10082837
10082838
10082839
10082840
10082970
10082971
10082972
10082973
10082974
10082976
10083113
10083114
10083116
10083118
10083120
10083121
10083122
10083218
10083260
10083261
10083262
10083263
10083264
10083265
10083266
10083267
10083268
10083269
10083372
10083373
10083375
10083377
10083378
10083379
10083492
10083494
10083496
10083497
10083498
10083499
10083501
10083502
10083630
10083631
10083632
10083633
10083634
10083635
10083636
10083637
10083793
10083794
10083795
10083796
10083797
10083798
10083799
10083823
10083926
10083927
10083928
10083929
10083963
10083964
10083965
10083967
10083968
10083969
10083970
10083971
10084080
10084081
10084082
10084083
10084128
10084129
10084202
10084272
10084273
10084274
10084275
10084276
10084277
10084334
10084335
10084388
10084440
10084441
10084442
10084443
10084444
10084484
10084486
10084518
10084519
10084600
10084601
10084602
10084603
10084604
10084605
10084606
10084607
10084634
10084635
10084636
10084650
10084651
10084740
10084741
10084742
10084744
10084745
10084746
10084747
10084755
10084756
10084798
10084800
10084801
10084802
10084830
10084831
10084845
10084847
10084864
10084865
10084880
10084881
10084882
10084883
10084884
10084899
10084901
10084902
10084903
10084904
10084920
10085437
10085438
10085439
10085440
10085441
10085557
10085558
10085585
10085586
10085587
10085588
10085589
10085701
10085702
10085703
10085704
10085705
10085706
10085707
10085709
10085723
10085740
10085741
10085742
10085743
10085744
10085922
10085923
10085924
10085925
10085926
10085927
10085928
10085930
10086069
10086070
10086071
10086072
10086073
10086074
10086075
10086076
10086077
10086078
10086079
10086080
10086081
10086082
10086224
10086230
10086231
10086232
10086233
10086234
10086235
10086236
10086237
10086301
10086302
10086303
10086304
10086305
10086306
10086307
10086308
10086309
10086310
10086311
10086312
10086313
10086314
10086316
10086355
10086356
10086357
10086358
10086359
10086364
10086376
10086411
10086650
10086651
10086652
10086653
10086654
10086655
10086656
10086801
10086802
10086804
10086805
10086806
10086807
10086808
10086809
10086810
10086811
10086812
10086978
10086979
10086986
10086989
10086990
10087000
10087002
10087003
10087004
10087006
10087007
10087008
10087009
10087010
10087025
10087026
10087027
10087028
10087029
10087030
10087031
10087032
10087033
10087034
10087035
10087036
10087037
10087038
10087039
10087040
10087043
10087054
10087059
10087077
10087078
10087085
10087086
10087096
10087105
10087132
10087153
10087154
10087155
10087156
10087157
10087158
10087159
10087206
10087262
10087263
10087264
10087265
10087266
10087267
10087268
10087269
10087295
10087367
10087382
10087415
10087416
10087417
10087418
10087419
10087420
10087421
10087422
10087469
10087476
10087477
10087478
10087479
10087480
10087481
10087482
10087483
10087484
10087485
10087486
10087487
10087586
10087592
10087593
10087594
10087595
10087596
10087597
10087598
10087599
10087600
10087655
10087656
10087657
10087658
10087659
10087660
10087661
10087770
10087771
10087772
10087773
10087774
10087775
10087814
10087870
10087871
10087872
10087873
10087874
10087875
10087912
10087913
10087914
10087915
10087916
10087917
10087918
10087919
10087920
10087921
10087922
10087923
10087924
10087944
10087980
10087981
10087982
10087983
10087984
10087985
10088101
10088102
10088103
10088104
10088105
10088106
10088107
10088108
10088109
10088116
10088125
10088159
10088162
10088215
10088216
10088217
10088218
10088219
10088220
10088221
10088222
10088223
10088270
10088308
10088328
10088332
10088333
10088334
10088335
10088336
10088337
10088338
10088449
10088450
10088451
10088452
10088453
10088454
10088480
10088570
10088571
10088572
10088573
10088574
10088646
10088651
10088652
10088653
10088654
10088723
10088770
10088771
10088772
10088773
10088774
10088820
10088847
10088855
10088856
10088857
10088858
10088859
10088889
10088890
10088956
10088957
10088958
10088959
10088960
10088961
10089065
10089066
10089068
10089069
10089119
10089169
10089170
10089171
10089172
10089173
10089174
10089175
10089240
10089250
10089251
10089252
10089253
10089254
10089326
10089334
10089335
10089345
10089375
10089376
10089377
10089378
10089379
10089380
10089441
10089450
10089481
10089482
10089494
10089495
10089496
10089497
10089498
10089499
10089540
10089541
10089543
10089544
10089545
10089580
10089599
10089611
10089612
10089613
10089614
10089615
10089619
10089639
10089700
10089701
10089702
10089703
10089704
10089705
10089750
10089759
10089760
10089761
10089762
10089811
10089819
10089827
10089830
10089831
10089832
10089833
10089834
10089835
10089836
10089860
10089872
10089934
10089935
10089936
10089937
10089938
10089939
10089940
10089941
10089942
10089943
10089944
10089945
10089946
10090022
10090024
10090025
10090026
10090027
10090029
10090107
10090108
10090109
10090110
10090111
10090112
10090113
10090114
10090115
10090116
10090117
10090118
10090200
10090223
10090224
10090225
10090226
10090227
10090228
10090314
10090370
10090371
10090372
10090373
10090374
10090375
10090376
10090377
10090378
10090441
10090442
10090443
10090444
10090445
10090446
10090447
10090448
10090449
10090522
10090523
10090524
10090525
10090561
10090565
10090566
10090567
10090571
10090572
10090573
10090605
10090606
10090607
10090608
10090649
10090663
10090672
10090675
10090676
10090774
10090775
10090776
10090777
10090870
10090871
10090872
10090873
10090874
10090875
10090876
10090962
10090963
10090964
10090965
10090966
10091062
10091063
10091064
10091065
10091066
10091067
10091068
10091069
10091070
10091071
10091161
10091162
10091163
10091164
10091165
10091166
10091167
10091240
10091241
10091242
10091243
10091244
10091245
10091246
10091247
10091248
10091249
10091270
10091339
10091340
10091341
10091342
10091343
10091344
10091434
10091435
10091436
10091437
10091438
10091439
10091465
10091518
10091519
10091520
10091521
10091522
10091523
10091571
10091572
10091573
10091574
10091575
10091576
10091595
10091607
10091633
10091634
10091635
10091636
10091637
10091711
10091712
10091713
10091714
10091793
10091794
10091810
10091828
10091829
10091830
10091831
10091832
10091899
10091908
10091909
10091910
10091911
10091912
10091913
10091980
10091981
10091982
10091983
10091984
10091985
10091986
10091987
10091997
10091998
10092078
10092079
10092080
10092081
10092082
10092083
10092098
10092099
10092100
10092168
10092169
10092170
10092171
10092250
10092251
10092252
10092253
10092254
10092349
10092350
10092351
10092442
10092443
10092444
10092445
10092446
10092447
10092480
10092551
10092552
10092553
10092554
10092626
10092627
10092628
10092629
10092657
10092658
10092659
10092681
10092682
10092788
10092789
10092790
10092791
10092792
10092840
10092841
10092842
10092843
10092925
10092926
10092927
10092928
10092929
10092930
10092931
10092940
10093030
10093031
10093032
10093033
10093034
10093094
10093131
10093132
10093133
10093198
10093199
10093200
10093215
10093216
10093217
10093218
10093219
10093247
10093261
10093262
10093263
10093264
10093309
10093380
10093400
10093401
10093402
10093403
10093465
10093466
10093473
10093475
10093507
10093580
10093581
10093582
10093583
10093584
10093585
10093650
10093662
10093663
10093664
10093665
10093666
10093667
10093668
10093669
10093670
10093671
10093672
10093673
10093706
10093763
10093764
10093765
10093766
10093767
10093768
10093770
10093838
10093840
10093881
10093882
10093883
10093884
10093998
10094000
10094001
10094002
10094003
10094004
10094005
10094006
10094007
10094008
10094009
10094030
10094038
10094075
10094094
10094119
10094120
10094121
10094122
10094123
10094218
10094219
10094220
10094221
10094222
10094223
10094298
10094300
10094306
10094307
10094308
10094309
10094310
10094338
10094422
10094423
10094424
10094520
10094521
10094522
10094611
10094612
10094613
10094614
10094700
10094701
10094702
10094721
10094722
10094723
10094724
10094725
10094726
10094825
10094836
10094837
10094838
10094839
10094840
10094841
10094842
10094843
10094844
10094930
10094931
10094932
10094998
10094999
10095006
10095043
10095056
10095057
10095058
10095059
10095060
10095061
10095110
10095111
10095156
10095157
10095158
10095159
10095160
10095161
10095180
10095181
10095182
10095197
10095248
10095249
10095330
10095331
10095332
10095333
10095334
10095335
10095336
10095337
10095422
10095430
10095431
10095432
10095433
10095501
10095502
10095511
10095560
10095561
10095562
10095563
10095564
10095600
10095601
10095602
10095603
10095604
10095637
10095638
10095639
10095640
10095641
10095642
10095780
10095781
10095782
10095783
10095784
10095785
10095841
10095842
10095863
10095884
10095885
10095886
10095887
10095888
10095889
10095956
10095996
10095997
10095998
10095999
10096000
10096001
10096002
10096003
10096161
10096165
10096166
10096167
10096168
10096169
10096178
10096179
10096180
10096285
10096286
10096319
10096330
10096331
10096333
10096334
10096335
10096336
10096337
10096385
10096400
10096401
10096402
10096403
10096404
10096515
10096516
10096517
10096518
10096520
10096529
10096587
10096594
10096595
10096596
10096597
10096598
10096599
10096600
10096700
10096701
10096702
10096703
10096755
10096756
10096757
10096758
10096759
10096760
10096785
10096786
10096787
10096788
10096789
10096795
10096796
10096797
10096942
10096943
10096973
10096974
10097041
10097042
10097043
10097044
10097045
10097046
10097047
10097048
10097088
10097089
10097096
10097133
10097137
10097138
10097139
10097232
10097233
10097234
10097235
10097236
10097237
10097239
10097244
10097273
10097336
10097337
10097338
10097339
10097340
10097447
10097448
10097449
10097450
10097451
10097452
10097453
10097482
10097483
10097484
10097485
10097550
10097551
10097552
10097553
10097633
10097634
10097635
10097636
10097684
10097685
10097770
10097771
10097772
10097773
10097774
10097790
10097791
10097887
10097888
10097911
10097912
10097913
10097914
10097990
10097996
10097997
10097998
10097999
10098050
10098080
10098081
10098082
10098083
10098179
10098190
10098191
10098192
10098193
10098258
10098259
10098260
10098261
10098262
10098334
10098335
10098336
10098337
10098338
10098386
10098387
10098388
10098389
10098390
10098430
10098431
10098432
10098433
10098485
10098495
10098496
10098497
10098498
10098499
10098500
10098579
10098666
10098667
10098668
10098750
10098751
10098752
10098753
10098759
10098899
10098900
10098901
10098902
10098903
10098904
10098905
10098990
10098991
10098992
10099085
10099086
10099087
10099088
10099089
10099174
10099175
10099176
10099177
10099178
10099179
10099287
10099288
10099289
10099370
10099371
10099372
10099373
10099374
10099381
10099436
10099437
10099438
10099439
10099550
10099580
10099581
10099582
10099583
10099584
10099696
10099697
10099698
10099699
10099700
10099701
10099702
10100367
10100368
10100369
10100446
10100479
10100480
10100481
10100482
10100579
10100580
10100581
10100582
10100666
10100667
10100668
10100669
10100670
10100686
10100687
10100780
10100781
10100782
10100785
10100868
10100869
10100870
10100871
10100882
10100883
10100884
10100885
10100886
10100887
10100944
10100951
10100952
10100953
10100958
10101100
10101101
10101102
10101103
10101184
10101185
10101186
10101187
10101188
10101189
10101190
10101191
10101192
10101282
10101283
10101284
10101285
10101286
10101287
10101288
10101400
10101401
10101402
10101403
10101404
10101405
10101406
10101407
10101500
10101501
10101502
10101503
10101600
10101601
10101602
10101603
10101669
10101670
10101671
10101672
10101673
10101681
10101727
10101728
10101729
10101761
10101762
10101771
10101842
10101843
10101844
10101845
10101859
10101860
10101972
10101973
10101974
10101975
10102077
10102078
10102079
10102080
10102081
10102082
10102154
10102155
10102156
10102157
10102158
10102159
10102160
10102280
10102281
10102282
10102283
10102284
10102285
10102316
10102340
10102341
10102342
10102343
10102344
10102430
10102431
10102432
10102433
10102434
10102435
10102482
10102483
10102484
10102485
10102486
10102487
10102488
10102489
10102490
10102619
10102620
10102621
10102622
10102623
10102624
10102665
10102666
10102667
10102668
10102669
10102728
10102729
10102730
